1.982985705001320473e-02 2.413080669801021677e-02
1.649026896903983685e-02 -2.278731434875828563e-02
2.616699815572933255e-02 -6.979038781522233122e-03
3.378770842402934599e-02 1.149315908281421314e-02
3.010081875855772499e-02 8.694872780394212117e-03
5.891242616121918768e-02 6.704612829009733892e-04
7.741602796055088720e-02 1.284860757966190111e-03
7.390339035079751540e-02 -1.352576835684140459e-03
8.209192561366740470e-02 1.387452208641128115e-02
9.490804030436866823e-02 -5.261440479932402887e-03
1.171799127597611540e-01 -2.087170632085537728e-02
1.006524788268730042e-01 -1.309532979393326739e-02
1.081988037950660508e-01 -2.580901390446293381e-02
1.230741428917352248e-01 -4.752457319454068962e-02
1.309440956741189099e-01 -2.362578261762449811e-02
1.250865437237961841e-01 -2.004267297161359263e-02
1.570114361163535976e-01 -8.278817429470801750e-03
1.743425238710252512e-01 -4.661122651905198408e-03
1.685423695827097668e-01 -2.586689009531424957e-02
1.855110112734526806e-01 -9.746105107326572675e-03
1.987250206065251934e-01 -6.928088506210772354e-05
2.018879185484034611e-01 -9.997447053885031437e-03
2.212323971987239235e-01 8.326108139906453209e-03
2.409704833057147721e-01 4.770174467427176768e-02
2.477343878898158325e-01 9.631784242494875747e-03
2.461021854955437183e-01 6.002350002965869784e-03
2.630721391414224120e-01 1.784250489385469374e-02
2.714952021988499831e-01 -1.045730103278298510e-02
2.951582326765149755e-01 3.406581874587915476e-02
2.886733229511325716e-01 5.349660911794815003e-03
2.897387690063253918e-01 3.605316719187728371e-03
3.056069438911438452e-01 -1.669301462767482438e-02
3.262579013425322416e-01 1.586395107959661516e-02
3.443124103967588057e-01 -3.364419834109814642e-03
3.463484623067879520e-01 -1.484245321505184116e-02
3.295168075836871213e-01 -3.203860876998223389e-02
3.448525240117315538e-01 5.486308676005616225e-02
3.506909472824480400e-01 -3.254044929623977483e-02
3.657426962375811552e-01 -1.587042510723906188e-02
4.034953019323360146e-01 -2.727108031585560519e-02
3.965272181169925414e-01 -1.875874779268368875e-02
4.184204465918818228e-01 8.002432796472019492e-04
4.195197574391890671e-01 -2.522970926504631423e-02
4.471434749280577825e-01 -9.131177275165913362e-03
4.128462941967331323e-01 -7.970341246089862608e-03
4.596447124980240773e-01 -7.195409023202851799e-03
4.496422253691843562e-01 -2.370631354731950191e-02
4.775540378405397357e-01 -6.494603706171941937e-03
4.872023944095349446e-01 -2.198659803635081081e-02
4.833718110923262423e-01 -1.061521693177179364e-02
4.901811947904687328e-01 1.204485912978480074e-02
5.276351040974744944e-01 1.287296111076422118e-02
4.990687207685549076e-01 2.560770291693621400e-02
5.140029371013544734e-01 -3.044800899987359227e-02
5.454817341093899374e-01 -5.385769498369098046e-03
5.574163685371015253e-01 -1.665134665215118812e-02
5.474242107064255514e-01 -4.577651596940983045e-03
5.627172671969835616e-01 4.074303404295345765e-02
5.826720803195698517e-01 -3.261417952199838211e-02
6.013192487328066216e-01 1.380274957424897954e-02
5.932398587065139672e-01 7.047266867114588846e-04
6.169464998132002664e-01 1.881296040869166394e-02
6.388053422948779536e-01 -2.142765628573140360e-02
6.150246368041882850e-01 2.807745431552665163e-02
6.430208512774584495e-01 2.155260487913773781e-02
6.497534212016251587e-01 -8.230761709278350963e-03
6.718501237536915749e-01 1.737209691205763087e-02
6.633735228524136884e-01 3.385344392788708356e-02
6.817865267080511771e-01 -6.649542697139264758e-04
6.791530672548148351e-01 -8.778522843468116940e-03
6.974714025645214477e-01 -7.709734861894320876e-03
7.185658937007636249e-01 7.202800940155629217e-03
7.023066623189443414e-01 3.336136123857373625e-02
7.340280990738244915e-01 -3.721492097655811071e-02
7.411455649834227666e-01 3.355710177064198663e-02
7.391645987014516805e-01 2.072843179298124519e-02
7.426069943054508515e-01 -6.038133346120171585e-04
7.902389069445671099e-01 -2.844847973501971397e-02
7.774497942236164860e-01 1.092416910207077291e-02
7.808579752646542804e-01 2.735380873736763859e-03
7.999950469146120957e-01 1.598671860248453147e-02
7.981734379345288843e-01 -1.007603507169883665e-02
8.141001472888130808e-01 1.347479495240596140e-02
8.242830016870856813e-01 -1.713296282566167603e-02
8.506675635476581565e-01 2.483410357925352335e-02
8.529931086311747235e-01 -1.729035678536441911e-02
8.654424129720212910e-01 2.763009642619203288e-02
8.842883150817544280e-01 -5.535889805942612561e-03
8.938183569008815166e-01 1.874824658978287845e-02
8.913108301415270107e-01 -3.344495169659113948e-02
9.054709483165864770e-01 -1.792857468891430328e-02
9.014736023938395570e-01 -2.100963753334664924e-02
9.198818288755290506e-01 -6.926633047942104895e-03
9.398549690080422181e-01 -6.493242869835828129e-03
9.427755267631486857e-01 1.404360514817048176e-02
9.488610171317314324e-01 -3.472638959203325909e-02
9.766795621495212298e-01 -7.148981765659052218e-03
9.679431362168975372e-01 9.852770085448450677e-03
9.876116372266989796e-01 4.475272195488394489e-05
9.827807965687672676e-01 1.051052723324910274e-02
1.004264959475029695e+00 -1.149187619937258424e-02
9.999901561472201994e-01 -1.732425949411779686e-02
1.010274959443776766e+00 1.018461286822299611e-02
1.006983391448083909e+00 2.564816696209941838e-03
1.041538620525899628e+00 3.034789573080876393e-02
1.071173764416069041e+00 1.316993925130920291e-02
1.076838073682922170e+00 4.443349063954853129e-02
1.067652084545464675e+00 -3.068661334992288728e-02
1.074712626022478634e+00 -1.192265258394968781e-02
1.094564095966684469e+00 1.015505756994978300e-03
1.092157509883653788e+00 8.954430972720871934e-03
1.107214753090687953e+00 5.429085851400192696e-04
1.119081649101627551e+00 3.526283288087790884e-03
1.123821078074362489e+00 -2.051354553184878832e-02
1.140444619294923134e+00 -9.851584239261572395e-03
1.145410028765255772e+00 -1.088683238596540107e-03
1.168065151475522478e+00 -1.948889129165047585e-02
1.168818607023585754e+00 -1.526925339247097758e-02
1.172187032859534517e+00 1.262701303301754473e-02
1.200332454012097427e+00 1.982556410962199242e-02
1.194962114984006174e+00 -1.680438795765516052e-02
1.208046245190002921e+00 -8.960249505452022242e-03
1.234537390048634276e+00 -1.347419249302141131e-02
1.249043901733586592e+00 2.621476523585292845e-02
1.250046758664240976e+00 -2.918902296220782233e-02
1.245699665620117580e+00 8.789877718034223852e-03
1.243345916106199489e+00 -7.251635238699354752e-03
1.256067600947969876e+00 3.212705807122791940e-02
1.287871234852650204e+00 4.903624632061830829e-02
1.307095168072368585e+00 9.779220166072842904e-03
1.311899802823343508e+00 -1.187742655926593040e-02
1.324068754180904639e+00 2.472054000744976221e-02
1.315955475427509125e+00 1.468554375474043390e-02
1.323643496770311234e+00 -5.159608891508967767e-03
1.364519680502095156e+00 -4.204278879474288022e-02
1.352766747219496857e+00 -9.353368926665136043e-03
1.357160937339108253e+00 4.254066231446693332e-03
1.377040631474997889e+00 -2.115354006801880085e-02
1.356786212978822403e+00 2.886581073596641844e-02
1.395126733037219235e+00 -9.478722587186316903e-04
1.410221865379803541e+00 -4.093246814290923269e-02
1.417035361596270748e+00 1.812287052298673998e-02
1.421087964678712234e+00 -1.114775058107188126e-02
1.427945063940042392e+00 2.045798698170163757e-02
1.423773902298608007e+00 1.311390578796089827e-02
1.453001958664242643e+00 -1.069395862789316622e-02
1.453045334139522859e+00 3.601292761956918537e-04
1.471465601866573270e+00 4.673404479546472770e-03
1.484902049692258474e+00 4.083545411820726882e-03
1.477989747743951421e+00 -2.444485269967591745e-02
1.514847248875140329e+00 -2.396906067015358924e-02
1.520958223731496028e+00 -8.629901689287459293e-03
1.522800655911731305e+00 -7.806569207288319504e-03
1.534704752425246843e+00 -5.132044906879045486e-03
1.546609714057908258e+00 1.630993093099249863e-02
1.540464992979508230e+00 -6.073126190550812847e-03
1.573476779731142861e+00 -3.054466223780318360e-02
1.578040889230915012e+00 1.690201745622329707e-02
1.569681459698135217e+00 2.102744766984680422e-02
1.588531846920521851e+00 -2.225426337279487118e-02
1.619666586078834625e+00 3.227511581809405783e-02
1.616737725204929088e+00 -1.109569073787114576e-03
1.608289036779026793e+00 4.182578629414272081e-02
1.629702773599337684e+00 -1.660267619464089392e-02
1.627202035245465028e+00 -1.483275359994376194e-02
1.636846682511091222e+00 1.255103734133517900e-03
1.663757189856956753e+00 -3.448091445729763345e-03
1.676214564393993189e+00 -2.174618302368419229e-02
1.674200406708063582e+00 2.201985393756712012e-02
1.682785845248909729e+00 6.309004876401750651e-03
1.700765061576503534e+00 1.669793843553575921e-02
1.724606315231719256e+00 9.529346579321978580e-03
1.726586417410552077e+00 -3.182143678370724649e-02
1.730941315898204991e+00 1.173123398710307699e-02
1.742674666804529426e+00 -1.176836300468564640e-02
1.747548534183654745e+00 -4.281788197343756701e-03
1.755403069169135133e+00 -1.744131562470457517e-02
1.759573944395103506e+00 -1.109334938629756052e-02
1.791125188031742699e+00 -1.567400036713964204e-02
1.783594318002572177e+00 -3.177334660322561361e-03
1.810893039309592778e+00 1.293041607240497798e-02
1.799575216835479496e+00 1.452733949589377072e-02
1.825479744008331906e+00 -6.737975975105355182e-03
1.821701754692108155e+00 1.134288423930346346e-02
1.846685585981568734e+00 4.741469795903527004e-03
1.855105380101395030e+00 -1.100414109017654705e-02
1.874544548238797459e+00 5.887319122590446707e-02
1.875020892596126920e+00 2.496002732598926604e-03
1.868499232038292712e+00 1.218310184582385713e-02
1.906849288792720198e+00 1.416888392122190449e-02
1.910081112438538620e+00 -3.519845441642626294e-03
1.896507379451843889e+00 5.502366174050152270e-02
1.930597692712684443e+00 3.268755885224866597e-02
1.957572042752502739e+00 1.579183687765017829e-02
1.928830198809161400e+00 1.381959318985027073e-02
1.945882913371348444e+00 -2.587798086573001727e-02
1.965020913627931298e+00 3.380727217522157442e-04
1.979831593973831794e+00 2.095707996468404097e-02
1.983863089856750417e+00 2.284821497164388204e-02
2.003206157663545373e+00 2.692670375044742270e-02
2.017538218500170011e+00 -2.691689732033821295e-02
2.006559441042024883e+00 2.555206971386774287e-02
2.028043314656596596e+00 7.138544184020529856e-03
2.046860349750728947e+00 1.964575545923161193e-02
2.034105725403893228e+00 7.106868916868505290e-03
2.040819495867690403e+00 9.863013805919522425e-03
2.078633650230176322e+00 1.733553208757099978e-02
2.075855132165226546e+00 4.858969053088672135e-02
2.088638560672168243e+00 -3.912777527566278779e-02
2.086314496833697518e+00 -2.980588245300620255e-03
2.100297676140216563e+00 4.316537761869759099e-02
2.124172840743966617e+00 -4.823642804875674303e-03
2.110626018665388237e+00 2.170034737952923967e-04
2.131986370982306145e+00 1.698056532002107863e-02
2.150168561130765266e+00 5.237279584916252478e-02
2.159958227747837967e+00 4.223216222326305058e-02
2.160637553126860677e+00 2.056891056234023962e-02
2.185808553884779570e+00 5.689975887388603465e-03
2.181250444933845678e+00 -4.391328701013512414e-02
2.200533839302700301e+00 -7.799815335330519302e-03
2.213473259039762997e+00 3.584205643559685434e-02
2.219741575633591424e+00 -1.543805163863384844e-02
2.199528032485476459e+00 -5.094856584011604739e-04
2.227778599757524347e+00 8.414279747595884706e-03
2.262151196716905233e+00 -1.420594332008263787e-02
2.235289589562044821e+00 9.288303802792746700e-03
2.262545058289491262e+00 5.108238495318149358e-02
2.261459796817416823e+00 1.219994607085902842e-02
2.276124310802025263e+00 -1.213775693140535343e-02
2.307467457421392698e+00 -5.315911150959411191e-03
2.301252410263010972e+00 -6.932578892361700162e-03
2.318773370249737287e+00 1.174016436367968444e-02
2.311346324652133077e+00 1.199692084656682478e-02
2.329347135422479731e+00 4.165910594825642833e-03
2.345821839633614569e+00 1.260748194102329772e-02
2.353687986385949671e+00 -4.186479290031758921e-04
2.356724281359698914e+00 -4.018966501853699774e-03
2.388983057028087220e+00 3.015557094368204530e-03
2.403522946075379085e+00 4.570709126396414745e-02
2.391787654730843204e+00 -2.977351888607191605e-02
2.407836612762290329e+00 1.058081299082689296e-02
2.395883108185287824e+00 1.978253854944057519e-02
2.427218043816716797e+00 3.371826515688208098e-02
2.417916187397811001e+00 2.029445076579499199e-02
2.427891882379697108e+00 1.570279380174576661e-02
2.455802429193435277e+00 -1.461863650216527200e-02
2.449244066309720580e+00 2.256785090010327705e-02
2.459239194561588793e+00 1.419299583767814725e-02
2.483113785740485469e+00 4.883011345620895394e-02
2.486868237841352691e+00 2.964491975497091786e-02
2.517411373589494072e+00 1.388023351548375861e-03
2.521188422749828906e+00 8.390997400787700636e-03
2.526087136133511102e+00 9.675342111795130415e-03
2.515573126542808069e+00 -1.113143872617402066e-02
2.555322468223807153e+00 1.939303620619525076e-02
2.572291864210115797e+00 3.678443505962242233e-02
2.551337075325787573e+00 1.792861428169383042e-02
2.559935825275096111e+00 6.224038807612625526e-03
2.569747106418192928e+00 2.796451926287766079e-02
2.586604102561491647e+00 3.946482499792948462e-02
2.625886274508184570e+00 1.188875170247585301e-02
2.628676916707514355e+00 4.826271650607813490e-02
2.628087539688956031e+00 3.170696753702190174e-02
2.629191747595094775e+00 1.297930701217632141e-02
2.654681799574609258e+00 1.248800649733556277e-02
2.624827532788667650e+00 3.870299449593348623e-02
2.668258470382787628e+00 5.871437213879339423e-02
2.664602934373877741e+00 1.371145515604201698e-02
2.691966571617439907e+00 -9.281181426678809798e-03
2.710493500029155012e+00 2.882014751769141139e-02
2.714954045298767493e+00 5.987965773640579331e-02
2.709146673712741205e+00 -5.799409202414958220e-03
2.725893675006126671e+00 2.783982135934306643e-02
2.725407507794982198e+00 2.854129931770786957e-02
2.735281603732409916e+00 -2.935042690343017679e-04
2.781288289586033358e+00 3.070877063986960157e-02
2.768098879545262569e+00 1.818503730311953406e-02
2.766752722609922444e+00 5.878941431472269746e-02
2.768941380864878621e+00 5.119170062219477457e-02
2.802794061610498488e+00 5.380942290509080350e-02
2.800409422402301729e+00 4.547631146583994144e-02
2.821004283804157797e+00 5.857915948866815326e-02
2.833762862367381175e+00 4.967370212254512696e-02
2.832327929583026815e+00 2.454870843393330837e-02
2.857235018912839930e+00 1.966020793427776872e-02
2.861537351574386712e+00 7.270451182773024490e-02
2.860595355855639177e+00 5.043923446822237699e-02
2.895487055987781222e+00 3.340265247268675575e-02
2.876812590514544521e+00 5.907689244581266347e-02
2.890346865847168267e+00 3.523841374698705869e-02
2.901377847433411983e+00 7.374826303905640534e-02
2.915830224295972162e+00 2.587196307568571593e-02
2.925361914099998462e+00 3.137299510964609156e-02
2.922121174954485756e+00 6.114730789985067805e-02
2.930784218112740369e+00 3.024144971874052901e-02
2.973750800344707734e+00 7.556351940142046197e-02
2.972811596143682511e+00 5.544151691918107472e-02
2.982506281607259169e+00 4.096075941014850480e-02
2.981383174062753660e+00 5.460360125357086036e-02
2.980369814125140238e+00 4.038934079138176841e-02
3.011290420271350410e+00 9.289656675162430433e-02
3.014410997797487557e+00 5.366699259512012349e-02
3.017891733176625291e+00 3.489233956308707141e-02
3.025624786146901002e+00 6.119387005987208389e-02
3.029300222638624529e+00 9.020791202787251106e-02
3.059817056893141984e+00 6.495756390998946861e-02
3.066305207012582468e+00 2.645700155769076245e-02
3.080327118960947796e+00 5.498547704264853536e-02
3.080219617326311443e+00 7.984980185563834987e-02
3.109577717725966473e+00 4.639772363151629941e-02
3.098406350649382190e+00 5.265276897009571466e-02
3.128219573921405150e+00 6.166128033824624932e-02
3.128759545056760238e+00 8.098170166826373917e-02
3.126384805978948744e+00 5.355003842293107330e-02
3.166668687560711515e+00 4.405146319841175828e-02
3.144232544165736165e+00 8.208862763656160633e-02
3.163332531274552828e+00 3.426594973601236604e-02
3.174446549099368742e+00 9.036794249893662090e-02
3.190626296867839606e+00 7.370010002951318806e-02
3.179376964820106455e+00 7.899074156761347332e-02
3.197117378320173842e+00 6.647492221975201399e-02
3.216959055414512658e+00 8.694031886636519046e-02
3.226924924976891429e+00 1.079501428346608949e-01
3.250761159608693607e+00 6.820717705314058299e-02
3.249451571496848601e+00 1.133933105095540073e-01
3.245213185414521639e+00 9.391066136863328306e-02
3.268301683483074704e+00 8.378158904741400681e-02
3.281260964416524484e+00 1.059958281639954564e-01
3.293425706906484507e+00 1.312441536433098521e-01
3.306499476960765627e+00 1.178124473063131561e-01
3.300418155169916545e+00 1.012466471287746111e-01
3.300846334518106495e+00 1.097982884242135609e-01
3.336237452987428576e+00 4.248884171842765706e-02
3.327568645225791322e+00 1.008101704609705301e-01
3.354870677351587727e+00 1.115633799919350799e-01
3.360137451856321178e+00 8.470526873614733776e-02
3.359699618942433741e+00 1.184083333989161546e-01
3.384290580436591256e+00 1.168138275156229144e-01
3.386217554278527331e+00 9.116530063138815476e-02
3.384420776254802199e+00 1.255351929853351090e-01
3.401829483229463769e+00 1.436817976303226829e-01
3.416136771733925048e+00 1.297554486317438194e-01
3.418997515698517731e+00 1.004821655679205977e-01
3.437306309012881478e+00 1.104203955454793745e-01
3.454151474967226410e+00 1.336843425377670924e-01
3.463792706230616414e+00 1.093670546377764757e-01
3.473499683706962937e+00 1.536135903418281989e-01
3.472738543176402182e+00 1.261524013157906687e-01
3.490627610121685542e+00 1.275326809539185924e-01
3.487762238643945523e+00 1.308795756620497186e-01
3.501880842046296127e+00 1.612582537937561900e-01
3.505603522574645137e+00 1.566594514979264274e-01
3.503392749476922585e+00 1.106208007968471352e-01
3.539245473686035037e+00 9.957998888907274027e-02
3.532271134472656726e+00 1.138488557678796614e-01
3.541182618955186268e+00 1.526691875049981384e-01
3.552581441808008389e+00 1.340859841930560625e-01
3.561540890359606415e+00 1.198011014476215857e-01
3.573694114149582823e+00 1.520308666628774064e-01
3.595466613938705258e+00 1.666508041082309655e-01
3.607601044001129242e+00 1.372676675376661992e-01
3.619062147677051478e+00 1.787689017964037008e-01
3.621102493487056151e+00 1.799488709255841756e-01
3.630410707769426981e+00 1.235588557484896544e-01
3.631299914239321414e+00 1.697617826082256087e-01
3.641186781597199218e+00 1.653436028457113960e-01
3.665048231769661768e+00 1.947673259308605742e-01
3.653955797382027360e+00 1.730423746921042061e-01
3.688143540890891359e+00 1.519954817288448057e-01
3.687339203576231128e+00 1.534884532617488972e-01
3.712296138613922825e+00 1.503386197972221283e-01
3.700953976603107876e+00 1.597538413076451669e-01
3.728533288359254350e+00 1.995373676263293428e-01
3.743978945785827683e+00 1.640107397749780427e-01
3.753040106568648504e+00 2.031051940334177852e-01
3.747159751613224454e+00 2.218278688734302839e-01
3.758054122873199177e+00 1.606303700744641516e-01
3.792656471803792506e+00 1.966768570045060172e-01
3.783075117176252888e+00 2.000938514807403257e-01
3.804664560676121354e+00 1.856787553346513908e-01
3.820527392752766538e+00 2.045362950998957929e-01
3.821815852372634215e+00 2.112082312352572822e-01
3.817884617063940667e+00 2.066197002503594449e-01
3.839059013066941528e+00 1.914908343259948409e-01
3.843534663201096713e+00 1.964774513042096826e-01
3.864673790757085392e+00 2.161111532650459022e-01
3.871654376787847962e+00 2.296729239613935769e-01
3.885639562193458296e+00 2.029857467141313598e-01
3.896306257185974786e+00 1.938897596788312638e-01
3.898360878363897442e+00 2.105078222467678672e-01
3.919672918512923765e+00 2.574304931092668003e-01
3.903998915307213657e+00 2.197601630094994096e-01
3.913565954903638566e+00 1.876957074525726910e-01
3.919507097690509312e+00 2.325392092153141521e-01
3.936599202850588952e+00 2.487499709098859313e-01
3.959091845467982651e+00 2.035167284753591488e-01
3.951649911076497101e+00 2.343152765985879182e-01
3.985078052639565716e+00 2.194302472662055525e-01
3.999606769415554375e+00 2.351416406016013927e-01
3.998727660475350998e+00 2.069774403264165175e-01
4.010430442489037794e+00 2.447538074397472840e-01
4.025355859254676538e+00 2.604025237827349848e-01
4.034939931576125183e+00 2.365362699989862760e-01
4.039006623642563909e+00 2.104784546279359625e-01
4.052058531019678611e+00 2.581416988222255959e-01
4.064955975729767523e+00 2.878013295851750142e-01
4.075836045171238986e+00 2.463002667810212098e-01
4.069509560626475064e+00 2.243544293032401771e-01
4.084682196494433981e+00 2.565124405604152225e-01
4.100305692126509527e+00 2.763865501327672503e-01
4.119722566254728768e+00 2.372551047862765661e-01
4.113027714438312721e+00 2.482421789924125488e-01
4.135112687633758277e+00 2.750226803952406929e-01
4.139598800095726006e+00 2.605915402285046700e-01
4.140356341069826307e+00 2.753821073878081616e-01
4.141442248396591808e+00 2.529923943950068699e-01
4.156150979533323131e+00 2.558833526332280339e-01
4.167506894231295611e+00 2.711068900118202563e-01
4.184867786278128499e+00 3.081571915928666416e-01
4.179920629352952055e+00 2.721737779094374754e-01
4.207118455687663960e+00 2.942943830793543492e-01
4.221276540004810229e+00 2.892865942801866597e-01
4.214461198291474808e+00 3.332228440387135504e-01
4.254083705796221970e+00 3.026109933588416179e-01
4.244062085470265089e+00 2.600744890884386096e-01
4.259129584972820126e+00 3.262246451337996178e-01
4.267481137245527911e+00 2.997672301292585995e-01
4.282771953220549932e+00 3.054749581640865408e-01
4.286933332201262381e+00 3.405131151636561215e-01
4.298414643032868021e+00 3.268543456179258122e-01
4.303409104423721487e+00 2.993593700680708958e-01
4.297456954006323215e+00 3.083605666361570186e-01
4.326547416229967524e+00 3.310508327059924483e-01
4.329677319509830369e+00 2.681600730267486021e-01
4.331467366502335992e+00 3.186165896990508783e-01
4.363584344496206135e+00 3.423216874300140100e-01
4.349226648858926403e+00 3.408051371939099239e-01
4.368205786020485704e+00 3.182368137621158777e-01
4.386492936843165324e+00 3.567552332337354803e-01
4.395746008551140172e+00 3.650653006347235330e-01
4.397635746850072636e+00 3.311506138014720935e-01
4.419596394280748797e+00 3.273265620605723125e-01
4.449088529073415899e+00 3.047678276336133751e-01
4.435732611190451813e+00 3.358150362403788947e-01
4.438541292331134258e+00 3.152757778017857282e-01
4.429489448507489158e+00 3.582838262379273719e-01
4.459701315429411395e+00 3.148409696444675610e-01
4.501659679991658614e+00 3.274057277527947507e-01
4.494068918066878915e+00 3.287341259725218845e-01
4.512931627672913670e+00 3.652632433555567104e-01
4.517767602210743583e+00 3.600498894906894454e-01
4.511826704206046479e+00 3.287558383973843701e-01
4.533302442283382305e+00 3.712375634455306050e-01
4.533560582437087483e+00 3.626053247303317462e-01
4.554405065091176930e+00 3.510280855312914450e-01
4.545756632267622166e+00 3.564972436932173361e-01
4.572785305888846352e+00 3.816941986412971666e-01
4.574104959565669759e+00 3.397324715359241742e-01
4.572476854546835057e+00 3.737612732689898909e-01
4.593076633409731713e+00 3.796527978546913040e-01
4.601562332787177745e+00 3.695058472408834782e-01
4.606639453723436084e+00 3.638715573241561030e-01
4.622023411325797859e+00 3.521286442487731039e-01
4.627368162510980376e+00 3.779085455028071139e-01
4.642182700048853583e+00 3.951569328090592803e-01
4.643276719121121943e+00 3.398872637427408083e-01
4.673283275181017160e+00 3.779411537726911074e-01
4.672407865370999502e+00 3.975288377299603382e-01
4.670131950350246974e+00 3.947414481995023539e-01
4.691835168754069585e+00 3.727442872751306480e-01
4.685541557028376936e+00 3.658712479359936265e-01
4.724370921704633908e+00 4.028582959160903476e-01
4.724740417864507158e+00 3.979140730782207425e-01
4.735185232553405399e+00 4.238511295699496917e-01
4.735916683676057559e+00 3.794699552540098941e-01
4.755722458105024586e+00 3.930259989229840656e-01
4.769935870123524602e+00 4.006012099965663986e-01
4.773182763311423216e+00 4.080086253852711620e-01
4.790693869704961472e+00 3.965934445147428766e-01
4.795761818625453365e+00 3.666731705943443997e-01
4.831138242236874270e+00 3.961165349462432150e-01
4.797878170246014484e+00 4.183006043657482298e-01
4.823400369438586743e+00 3.931469554501523245e-01
4.819564423605013914e+00 3.710614798189834085e-01
4.850021896319397285e+00 4.096541690625980503e-01
4.848064868461657184e+00 4.185977817806639245e-01
4.884396586933624995e+00 3.461849736891295937e-01
4.874541172550741486e+00 3.941325375783144569e-01
4.880363617196345594e+00 3.715640552981363531e-01
4.899291360504840931e+00 3.750195249078207560e-01
4.908280971921965552e+00 4.044769008789572684e-01
4.918209397950894513e+00 3.833968323209415163e-01
4.934292832899586756e+00 3.954021576195109744e-01
4.922338526942100501e+00 3.990325369433658231e-01
4.931530985029496605e+00 4.277714200855770588e-01
4.939535085030994033e+00 3.924578495175676252e-01
4.946549020391214135e+00 4.227756907564133027e-01
4.972083149719257911e+00 3.628533108256789541e-01
4.997144670715183423e+00 3.911296021058551231e-01
4.988939665497860609e+00 3.628736565028590766e-01
5.003331468994533182e+00 4.387080784925781463e-01
5.013147473597752146e+00 4.113112700428108726e-01
5.011635922945627541e+00 3.956825569185283831e-01
5.052278717905280381e+00 4.323357623771912350e-01
5.062445222781866150e+00 3.797552559614105205e-01
5.044604249820635822e+00 3.904447963599146920e-01
5.074608935448648772e+00 3.684543388686775667e-01
5.058295416320189197e+00 3.950401075106781401e-01
5.094881378384636506e+00 4.101732388155802655e-01
5.094415522562601772e+00 3.776382678798236858e-01
5.109586388573851501e+00 3.472118337966883517e-01
5.110335616091787436e+00 3.637291422640936411e-01
5.097632347363804328e+00 3.794712964151484291e-01
5.140554555666208003e+00 3.693455778656138389e-01
5.144431091606318063e+00 4.200831340673492065e-01
5.142293892303718472e+00 3.718871067049225876e-01
5.191454542331054078e+00 4.005514234695984332e-01
5.160112497036339896e+00 4.252964464057765737e-01
5.188443211332617544e+00 3.830621389389350373e-01
5.203873248000951968e+00 4.024501520108955122e-01
5.206787714625324526e+00 3.790618387931717348e-01
5.225682698678182803e+00 3.938955358156599473e-01
5.226910159654883259e+00 3.776251930656390754e-01
5.245841928658395048e+00 3.803258709183985342e-01
5.255214950614195857e+00 3.725574394039703474e-01
5.245524575318564864e+00 3.793487595274621649e-01
5.269871583496819056e+00 3.991651698968746165e-01
5.270059083222039753e+00 3.960821644803306785e-01
5.287284906849182065e+00 3.763721933666282493e-01
5.295438768484626912e+00 3.896372910843347026e-01
5.304057511809546988e+00 3.868919614344993319e-01
5.315918931200018349e+00 3.704947342858184722e-01
5.336393564631282338e+00 3.751063250734018584e-01
5.336116880220806102e+00 3.623946374828057038e-01
5.356761870756802324e+00 3.971204843593442724e-01
5.356066453705616404e+00 4.170992369177429215e-01
5.357099013103201912e+00 3.757063702925251825e-01
5.363006306546377111e+00 4.031580348782148326e-01
5.389665535220451886e+00 3.795419928794336872e-01
5.397173841655007465e+00 3.690273398145851869e-01
5.407183929184065541e+00 3.777064736761769348e-01
5.418018471021704308e+00 3.721045284304933531e-01
5.453742805589924636e+00 3.590071870501463924e-01
5.449821623350010746e+00 3.142211659665344881e-01
5.455141780099545201e+00 3.555754414562243282e-01
5.451438476371752273e+00 3.424809472297914437e-01
5.466650576934290129e+00 3.584524342255143714e-01
5.475266002113517771e+00 3.345774493735993449e-01
5.474171185003518403e+00 3.720551658037999920e-01
5.479476701775658043e+00 3.676268101638319741e-01
5.510050038259800331e+00 3.406033479732656355e-01
5.522278388257896076e+00 3.530122743028417109e-01
5.528677215380925603e+00 3.538934478538124928e-01
5.537735677436527837e+00 3.409631997835797512e-01
5.536066682598390187e+00 3.149976123217878565e-01
5.572807770413723105e+00 3.315138942751509887e-01
5.577780063885757755e+00 3.440006051142925902e-01
5.576874525509099456e+00 3.189493796323683017e-01
5.583359089635801631e+00 3.567573645362038803e-01
5.584419089319534457e+00 3.214034798346931399e-01
5.600186287300521926e+00 3.367180914383509083e-01
5.602468082157948004e+00 3.184993530288530716e-01
5.625682643383907333e+00 3.804423635055099728e-01
5.620077291461413438e+00 3.235818537498310055e-01
5.642603015241302700e+00 3.370376058785800044e-01
5.676819834263288733e+00 3.044790233127322998e-01
5.650412657764600333e+00 3.411762435678131755e-01
5.673828183103116984e+00 3.374875751070845475e-01
5.679231946785669116e+00 3.208811421563687039e-01
5.703144371698207316e+00 3.060531011302173865e-01
5.698639212747514726e+00 3.299252029566568378e-01
5.720811975666155291e+00 2.847732653223657984e-01
5.731299687323748948e+00 3.165821134703899475e-01
5.743543437665426410e+00 3.180309719869162666e-01
5.760385376716238071e+00 2.752277949104874333e-01
5.747877644349336457e+00 3.491217095259167014e-01
5.759780503861439804e+00 3.019749910191181219e-01
5.785056714932906630e+00 2.998947091983393265e-01
5.780496450006906706e+00 2.620928073958740945e-01
5.789051788256911912e+00 3.002094648842809632e-01
5.807435921525034850e+00 3.070262518183927702e-01
5.819186147184882252e+00 2.765523165460314070e-01
5.828626403078388307e+00 2.757992425474270481e-01
5.845041824979394285e+00 2.996814393668255083e-01
5.842964625176787052e+00 2.804231981808547047e-01
5.846529543909689153e+00 2.779150211195720588e-01
5.852705820034320716e+00 2.456528249680908216e-01
5.851308866238382755e+00 2.648090007959899572e-01
5.893189254315731596e+00 2.247097058112437484e-01
5.907594003229223567e+00 2.766351972438775286e-01
5.919386403942202612e+00 2.763989477667432304e-01
5.905887043692681360e+00 2.553798845574457022e-01
5.933666341369050024e+00 2.606190537007170849e-01
5.931057469085867950e+00 2.704360741269119517e-01
5.932826429552276792e+00 2.310116955094302649e-01
5.953615629238841578e+00 2.495034692830971623e-01
5.976074974845619892e+00 2.664054257462886155e-01
5.989487090866032482e+00 2.493540295492756576e-01
5.982861126736096047e+00 2.759665446827422319e-01
5.998115020336117098e+00 2.108679861933971944e-01
6.008793363630107187e+00 1.998309324372417040e-01
6.019311891829111971e+00 2.274315261500683416e-01
6.027517864880155507e+00 2.306491675571137601e-01
6.052320405353202482e+00 2.435945598929637468e-01
6.050795093629484533e+00 2.113764664006644312e-01
6.054819772026751146e+00 2.236432940639946909e-01
6.051046275664997864e+00 2.253015411800956824e-01
6.079577354804196254e+00 2.367782590472701787e-01
6.077849364594134052e+00 2.330431961490597725e-01
6.090169641756593144e+00 2.073097118140823092e-01
6.104302440242998173e+00 2.097581554543161975e-01
6.124756099929651754e+00 2.356222560320893611e-01
6.142668104339146673e+00 1.913361378183176253e-01
6.145460775381129892e+00 2.162684961824082874e-01
6.163387879744324671e+00 2.084516997733278365e-01
6.147931194860222881e+00 2.081480737301461548e-01
6.174337538140013848e+00 1.815370280510567036e-01
6.189661727279149872e+00 1.769711126519340483e-01
6.176843980777817045e+00 2.199431208639021362e-01
6.208896080318032418e+00 1.844171123783167332e-01
6.217375049617039906e+00 2.318385179603665858e-01
6.234795114740962596e+00 2.063056167045743128e-01
6.227953928274491346e+00 1.885875553680990968e-01
6.235357638233343103e+00 1.628983642801123122e-01
6.247001545732865146e+00 1.750722742067166160e-01
6.258275868586705926e+00 1.724648564850648491e-01
6.274615401327308106e+00 1.943675618669322980e-01
6.279352476469274968e+00 1.488948153143138109e-01
6.278063785165876709e+00 1.824286037145047834e-01
6.266006884986755843e+00 1.220363162881773211e-01
6.333457887722616420e+00 1.933660296320910410e-01
6.323817784636093009e+00 1.605367962117610070e-01
6.315760108589207000e+00 1.660136710117663672e-01
6.332885074600331343e+00 1.347362004035926042e-01
6.350485033803874302e+00 1.748668140224405587e-01
6.363836108362975530e+00 1.368281387914397351e-01
6.367386265576853610e+00 1.752264196300406252e-01
6.385313434827857293e+00 1.165404247864430809e-01
6.384771741678929580e+00 1.813908142447844263e-01
6.393711266124088688e+00 1.135831032848273886e-01
6.402380193424562549e+00 1.591354752453959798e-01
6.434505611942385350e+00 1.666000917486205324e-01
6.416294621596556169e+00 1.383724174790302019e-01
6.431837495525531523e+00 1.263862603969838905e-01
6.420259216568502403e+00 1.408254498124637821e-01
6.461416616062752638e+00 1.359271468007473282e-01
6.454899059460116106e+00 1.412135944840010870e-01
6.498947866078172098e+00 1.074520297304948219e-01
6.493025596208043204e+00 1.277885676514939894e-01
6.481196634764351039e+00 1.124173304701856363e-01
6.506381566310023956e+00 1.513960808765392185e-01
6.519293634591383224e+00 1.484086050484016428e-01
6.531918724512545182e+00 1.153159846921523457e-01
6.542165104681086696e+00 1.312439317382569637e-01
6.573552078419438338e+00 1.108937362464018639e-01
6.556806012489536428e+00 1.178952285297751174e-01
6.558130243573840445e+00 9.974786163569719644e-02
6.572301273865425841e+00 1.231105471899586884e-01
6.588771776827833548e+00 1.101066905501349724e-01
6.591072653618474497e+00 1.201113104005337717e-01
6.610661663782183339e+00 7.047777529567217369e-02
6.631865079475174340e+00 1.422181019197815144e-01
6.608120668885139715e+00 1.330725694744670229e-01
6.643207092022445970e+00 1.104005105485596078e-01
6.655059173148226037e+00 8.701079938836403516e-02
6.653804603454717359e+00 1.169682137579088482e-01
6.669995378291506682e+00 9.718420519606063568e-02
6.677107823572929313e+00 1.121579631483059503e-01
6.679232447315017751e+00 7.918023793776028663e-02
6.695174684106357077e+00 8.550733258894201161e-02
6.696683251395200820e+00 9.363874524860410498e-02
6.710378776572285986e+00 9.706420285748322552e-02
6.731778915111406469e+00 1.095168914561598650e-01
6.735463802362360752e+00 1.153561198380465974e-01
6.734226187187615231e+00 1.256619085007105452e-01
6.747412124566966263e+00 7.107122992104486503e-02
6.751962687631541726e+00 8.786759233182971085e-02
6.779732746579843372e+00 6.341392951175181536e-02
6.788443561843843455e+00 7.881976410641595987e-02
6.799122349910994068e+00 6.463545177427994226e-02
6.804046626539271614e+00 8.156873527210983799e-02
6.805472435643026508e+00 1.150366537120556393e-01
6.815531442315555744e+00 2.948458984935095617e-02
6.838688513380397183e+00 7.037763468360530572e-02
6.839573552171682280e+00 7.376282325610274138e-02
6.865161188254480074e+00 7.419919888819502540e-02
6.882332304899553499e+00 6.974594645473430887e-02
6.880842665473202224e+00 3.408880622606904470e-02
6.902038514197492702e+00 1.082192992598353387e-01
6.896476145071822828e+00 7.856470607972212972e-02
6.916412814428571920e+00 2.649105746750791274e-02
6.904851666319352432e+00 5.810497231480225844e-02
6.927991904670177448e+00 4.497236616581623547e-02
6.959888069849673897e+00 5.993674655103198301e-02
6.942464834502536597e+00 5.398472265898492106e-02
6.942832116135893017e+00 7.279943920775654165e-02
6.968328137946610212e+00 5.780196082502232768e-02
6.966573812786465147e+00 6.702851941569276661e-02
7.001344014740292110e+00 6.220494844010045210e-02
6.984378736950567657e+00 6.159324458612520231e-02
7.005029718504764524e+00 4.366715592988369699e-02
7.012101135505593774e+00 6.524487576696967606e-02
7.025821320688987903e+00 6.035043128561622117e-02
7.052310514343138159e+00 3.118465776755589142e-02
7.059840040353059898e+00 9.559200963972580567e-02
7.065872541648493765e+00 7.576845557106631768e-02
7.071860833579114214e+00 5.402850493421207378e-02
7.076796591624924027e+00 9.190616944552501555e-02
7.089667112787783942e+00 4.531437594599897756e-02
7.111569158558535442e+00 3.551717574508834324e-02
7.116569108883072481e+00 3.592613799696071225e-02
7.125710722561471755e+00 3.627609585067075038e-02
7.122722044437595379e+00 3.726914746525504529e-02
7.139196583803651741e+00 5.269248204394624130e-02
7.146763455208544613e+00 4.062929996753546907e-02
7.155905323937848728e+00 4.206574520307738291e-02
7.166680840042644718e+00 2.769037368805004132e-02
7.169136089481164653e+00 3.137393882496756353e-02
7.212195230547025382e+00 2.369969291362753611e-02
7.185864028398938785e+00 2.830619611270217620e-02
7.206862399917827844e+00 9.775231043706159029e-03
7.202937258467034809e+00 4.858147585484874631e-02
7.233716431926013435e+00 2.090541931972648981e-02
7.232101626590814014e+00 3.406153858658807904e-02
7.254607254492487556e+00 8.147761707424698574e-03
7.262808167725301800e+00 4.467263912657648550e-02
7.282613960286581367e+00 1.958183849968211931e-02
7.253234389009639571e+00 3.931692591603593023e-02
7.282475497301651224e+00 2.548648602834497484e-02
7.304692577206194137e+00 2.477157987333587774e-02
7.306746357420925264e+00 3.269885812367656630e-02
7.326285722905670816e+00 7.170597148203405186e-03
7.331183368913827714e+00 1.093010704154740928e-02
7.325538098423919564e+00 2.888879644007957131e-02
7.344873497623578551e+00 -5.446051593408010594e-03
7.364792382113003910e+00 3.083438809370210587e-02
7.377859446804051480e+00 -6.544753558272782545e-03
7.383889618274756650e+00 1.817146860707547981e-02
7.383103331028874727e+00 1.444426216789253606e-02
7.396478145857190434e+00 4.890516639468928117e-02
7.400905660554100152e+00 2.387065438520774574e-02
7.410050150169732674e+00 3.767340465799182136e-02
7.438023305932786045e+00 4.256719136357031696e-02
7.441794258460140199e+00 5.224454435554191575e-03
7.461907361005993167e+00 6.219646489183043581e-03
7.450768685693835991e+00 2.434712953353783405e-02
7.467374252704074955e+00 3.117084931659994118e-02
7.476223165016325112e+00 1.541280207189811569e-02
7.490651970850254138e+00 3.799681425035538948e-03
7.506351307559338437e+00 3.089552995642232472e-02
7.497604009271653602e+00 7.319931284409431776e-03
7.532178642019584203e+00 -3.727173958377138357e-03
7.507761658845241826e+00 6.021611657086520242e-02
7.539582900201130755e+00 9.071062581661909138e-03
7.558989191422808673e+00 2.209894640840088034e-02
7.572926490286794099e+00 4.103113567466692979e-02
7.557316973071461774e+00 -1.482929161375588258e-02
7.585099640877724703e+00 -1.636059542781370668e-02
7.595094663615022945e+00 3.694465149883154748e-02
7.578935153027081206e+00 1.348160348814291323e-02
7.611133223450716301e+00 1.525064431821306250e-02
7.604032207668609544e+00 2.720485342167354437e-02
7.623607799823130193e+00 -8.259131696053710614e-03
7.640886306814687501e+00 -2.971503632784294052e-04
7.637804470213485075e+00 1.527430823226322981e-02
7.663269957218552975e+00 5.382853614554898580e-02
7.653122508527950174e+00 6.472224692929799857e-03
7.670146087976831950e+00 1.443333255537332209e-02
7.691978047039062183e+00 -1.443749534130111048e-03
7.684147521711952145e+00 1.965334423065864811e-02
7.714232430895653359e+00 1.757147892669404590e-02
7.718362869022186601e+00 1.220554797245889528e-02
7.739373180027945054e+00 1.025307958834445303e-02
7.720857969715663849e+00 1.556015606338184525e-02
7.752510075014444446e+00 1.170221565077699151e-02
7.745672264885592462e+00 -6.439105364827203692e-03
7.748742778133147269e+00 3.600338645405028876e-02
7.758893609229252419e+00 2.298281121988197256e-02
7.773301962005580990e+00 1.243776473049840528e-02
7.810665209968132849e+00 1.814661670672204630e-02
7.800965968466220701e+00 -3.045257405207419700e-03
7.820610130836020524e+00 7.180300416364676815e-03
7.799897800339995690e+00 3.179545475896700113e-02
7.853564257747647659e+00 8.793867448279254345e-03
7.837450079935616820e+00 1.398891450338560216e-02
7.872165538609387170e+00 -1.911850163735266325e-02
7.854484503605717371e+00 1.954360881344198095e-02
7.897153031826911196e+00 2.148782035319368039e-02
7.888868712864738342e+00 -3.379991468605823141e-03
7.895003238094669307e+00 1.776494255931806293e-02
7.911182472965971435e+00 -1.044212186726350272e-02
7.901852024360535687e+00 3.635682950510945449e-02
7.930764873051178832e+00 2.552641844833828527e-02
7.934528595149637376e+00 -1.032419984375840087e-02
7.949975022250670875e+00 -2.569037977623199812e-02
7.974476650147351187e+00 3.812299603528552551e-03
7.956320412937780695e+00 2.302463175344136165e-02
7.973953936271629850e+00 -1.072526872550064528e-02
7.994185327077161674e+00 -3.701690304408045140e-02
7.996293017206332898e+00 7.508978326969559421e-03
8.009957644371199947e+00 1.193212838516078539e-02
8.021849350378678523e+00 2.919561449619750837e-02
8.029423635804517900e+00 -1.170131255454391270e-02
8.034898053665484596e+00 9.856871728632362467e-03
8.051486978158452601e+00 1.241079124437044837e-02
8.058139406974405006e+00 7.234226796996911027e-03
8.068340931206126498e+00 -1.251422559466773120e-03
8.081707322916521719e+00 1.027654648068494596e-02
8.085950725028014929e+00 -5.482897769507672457e-03
8.091998569362651494e+00 4.085525385487458888e-02
8.109673213748116893e+00 8.379229934683860015e-03
8.130109073637255435e+00 1.365571008007721715e-02
8.140428207384353243e+00 -3.877533743945199562e-02
8.143347307884519992e+00 -3.681301257396476373e-02
8.142242944327467313e+00 1.354734813904195229e-02
8.167629485071154605e+00 -2.010809849237758448e-02
8.170331866085827954e+00 -5.089800637467265833e-03
8.178991639523749413e+00 4.993376675751894436e-03
8.176885202908191985e+00 2.193894551845874952e-02
8.194960128370007979e+00 3.135647661127435870e-03
8.207849696047963661e+00 -1.302470985920584079e-02
8.223734624351735079e+00 1.497893587755884381e-02
8.232243448931440000e+00 -1.576533996876741672e-02
8.245543691415269549e+00 9.893012851781343014e-04
8.262017237182291751e+00 -1.887828062388055908e-02
8.258810539236709047e+00 3.778927910040352604e-03
8.266965191311044236e+00 -5.543464785946086541e-04
8.260784068065200714e+00 -2.477477350075558971e-02
8.286192458561474794e+00 -1.226830402915444693e-02
8.298199867585829281e+00 -3.188245834928351424e-03
8.311503309416799823e+00 2.609578583792897949e-02
8.318636956402192695e+00 -8.230998132996360239e-03
8.331291045500165637e+00 -5.988512469033558175e-03
8.331843272753960861e+00 -3.016883422307985174e-02
8.356904831360939312e+00 -1.013588374959341516e-02
8.364584206546693324e+00 3.833476015132687362e-03
8.366647917690194447e+00 8.951927902593855707e-03
8.369614683279362310e+00 1.655119176366131803e-02
8.392305481453480098e+00 -2.709603296264746428e-02
8.390473283725970788e+00 8.530041463966258133e-03
8.393198411104826562e+00 -4.801980146534679667e-02
8.422828989556274237e+00 -1.134353856570863121e-02
8.427417715761057693e+00 5.078507169192400528e-02
8.443982655264782977e+00 -2.031223241997199072e-02
8.468171381915110985e+00 -6.924965881662574485e-03
8.449240676088638935e+00 -1.019220097774404220e-02
8.468068008413538905e+00 1.141983349337373325e-03
8.486645574565462979e+00 1.090404129928923202e-02
8.458423530876778784e+00 -2.705030516121839992e-02
8.510381723487103756e+00 3.436766007066474962e-03
8.503454802656529310e+00 6.059793353449264598e-03
8.517272245645285622e+00 1.414864611494547411e-02
8.536356843344654166e+00 5.979847162856861617e-03
8.532713797946847478e+00 -1.082430716489740999e-02
8.547086700145033689e+00 -1.291960719778891507e-02
8.551391781660294455e+00 1.215065356805952214e-02
8.559669800888286773e+00 6.310909497442947040e-03
8.577706382060727108e+00 -2.995959210538555809e-02
8.595410114160733528e+00 1.703950832859322932e-04
8.594185538366774679e+00 3.656163273640892358e-02
8.604933028104603920e+00 -1.048093361734875068e-03
8.605086698969250492e+00 -1.867309158157742918e-03
8.630237159528901358e+00 1.068766885616567568e-02
8.631892488109446759e+00 2.849238091113872814e-02
8.646427255893271990e+00 -2.807555169217519110e-03
8.657107155348258587e+00 -4.283895292512414701e-03
8.672797550509830700e+00 -8.709512729913588755e-03
8.664987158432726488e+00 -1.023421369303138470e-03
8.691776554768871677e+00 -2.165571877439414344e-03
8.690114321595459046e+00 1.230980989465599133e-02
8.711171710576463667e+00 5.220545558587297991e-04
8.715847783422805861e+00 2.975313407309845143e-02
8.725008330787225930e+00 -2.019307656903107998e-02
8.727715057439789703e+00 -1.999106840231382794e-03
8.768235473071577246e+00 1.187541698728271540e-02
8.779376245931111100e+00 -7.019765152583241690e-04
8.740692640322633267e+00 -1.726201990846480076e-03
8.770313086038497019e+00 5.304532465389704896e-03
8.788545642976535177e+00 -5.218818962934292267e-03
8.808965339213241208e+00 -8.120644940578894064e-03
8.785094625575244009e+00 7.296575335964273351e-03
8.812702853071495923e+00 -1.898743227237919759e-02
8.837013868082408408e+00 6.400652852075359653e-03
8.854361153942129192e+00 -1.893593984247636530e-02
8.852532275945987905e+00 -4.148701545835437911e-03
8.861053845763686709e+00 -3.316615708615229616e-03
8.869972509739152855e+00 -1.620726960093890612e-02
8.887478609324054091e+00 9.600205232350540394e-03
8.900042982191569862e+00 1.715282329609573234e-02
8.909200985386066307e+00 -1.541623118800112754e-02
8.922929136753882773e+00 -4.020329800773268097e-02
8.928391042559976398e+00 1.169691729845851250e-02
8.922299851120396141e+00 1.949060324630986704e-02
8.948864960838472271e+00 -8.889639040680069951e-03
8.958799301229785073e+00 4.946168109880076658e-02
8.964108536607552580e+00 9.172832889462875436e-03
8.961594150596177144e+00 -1.111736839043725444e-02
8.992246539899635849e+00 -1.989340528028036778e-02
8.968966540605862292e+00 -1.208059549783463069e-02
8.987809974855805351e+00 -8.680357445256735652e-03
9.016500743557266162e+00 -2.429335011260155483e-02
9.033127467855438297e+00 -4.527678579527860681e-02
9.027973128810378611e+00 3.402325417106309875e-03
9.035418106674153904e+00 -3.019238044238440472e-02
9.062249153844240013e+00 -1.162222163195414035e-02
9.074452179053100309e+00 -1.188687890777479807e-02
9.058744889431714853e+00 3.188518653329647321e-03
9.090905903958582002e+00 3.412936431369876546e-03
9.098750458024500887e+00 -4.897196171866924699e-03
9.088472153199459669e+00 -1.594058228015893600e-02
9.106578613738106398e+00 1.425394461997798318e-02
9.112545255026057944e+00 -3.580994491214024855e-02
9.135387286846173183e+00 -6.593078953416975189e-03
9.142866648547075314e+00 1.563675419239234522e-03
9.146309413007999822e+00 3.701329783669904394e-02
9.160211240601299210e+00 -2.894880305409002277e-02
9.153858354815529452e+00 -6.684419320060856762e-03
9.172522075278211062e+00 -2.813074757256816757e-03
9.202837605755297190e+00 -2.026218667252477693e-02
9.198559567391624725e+00 2.291575574288104086e-02
9.196054042255640937e+00 5.443821524671341693e-03
9.233556730910779109e+00 9.613432877974798646e-03
9.240234322032605974e+00 2.511814935142819491e-02
9.241449049069942134e+00 -1.066316335052410955e-02
9.236229163653222329e+00 -4.720297253876729743e-02
9.265346046513075251e+00 9.825566440685943453e-03
9.283174125305786006e+00 -1.559552593111806530e-02
9.270685791997523850e+00 3.116675670531343992e-02
9.286772929564767409e+00 -1.905177716931879747e-02
9.323116941622917153e+00 -1.970969972352454996e-02
9.299702001307277754e+00 -1.795220165196775505e-02
9.323030647981726204e+00 -2.234802723659693943e-02
9.317637211731778279e+00 2.713348558694677129e-02
9.341424746583541605e+00 7.613707763480214753e-03
9.357774547812651278e+00 -1.677509307783799303e-03
9.363710987234419747e+00 -1.526083888661693665e-02
9.367626197842968239e+00 -1.654637487453460357e-02
9.374657154797796821e+00 4.654088015682748825e-02
9.384344554683478279e+00 -1.745245460870785414e-02
9.398500654163454371e+00 1.353182306199615832e-02
9.419685355935461857e+00 1.125564543356002457e-03
9.406191672853319474e+00 5.179987029543490530e-03
9.423228635106701390e+00 -2.128382030872085981e-02
9.452264147227143809e+00 8.625220385300535683e-03
9.454568793794342341e+00 8.243287828026159975e-03
9.467415079781000387e+00 -1.271951954572069290e-03
9.453285860479113012e+00 1.055553721780081323e-03
9.472696324976068283e+00 1.736851022399989869e-02
9.489480423200216563e+00 -4.676190002128030924e-04
9.490548771316648313e+00 1.595312021616417456e-02
9.498451513119512413e+00 -1.865323144715843803e-03
9.511279026151465033e+00 -3.410035935041176580e-02
9.531125850157371460e+00 5.015267401144905823e-03
9.530040241750418417e+00 1.135117292680906144e-02
9.570497377960796470e+00 -2.227767621112988067e-02
9.564300378379085643e+00 2.331457223797063667e-03
9.599007684559550668e+00 2.471535166591158281e-02
9.571830674714288278e+00 -2.066638457223952605e-02
9.599895904338765718e+00 -7.266963026655637314e-03
9.576608333781184257e+00 2.737723913604014903e-02
9.598085636327120085e+00 2.215913874000590908e-02
9.629128579331359461e+00 -2.276983866597787065e-02
9.626712942221065106e+00 1.047132354254730682e-02
9.659917193707936889e+00 2.207816475313009730e-02
9.657224714078578742e+00 9.212759844377445620e-03
9.667340902021418714e+00 -2.523018748917933013e-03
9.681947325269543825e+00 2.297173294797379139e-02
9.680926023670739511e+00 -1.084064804529299465e-02
9.695259861575108218e+00 -1.633077697735165965e-02
9.715770151383797071e+00 -1.837224436189991567e-02
9.732618163327693139e+00 7.489816420845315896e-03
9.719328904196199659e+00 1.835590925376305235e-02
9.731464220548350141e+00 1.869556004968495749e-02
9.748982598582403014e+00 4.618887298142471121e-03
9.737907130862831551e+00 2.034870162611440627e-03
9.765359305148129110e+00 1.811158934618681271e-02
9.759169595866623581e+00 5.469753348981309243e-02
9.793467584886379029e+00 -8.035990337197710526e-03
9.784345094943430965e+00 1.984006039048391914e-02
9.807822755945352355e+00 -1.571304269654294483e-02
9.817988315237947461e+00 -2.532959768899190056e-02
9.804941062745799130e+00 -1.833250081453430269e-02
9.834763118023580830e+00 3.284249216659995002e-02
9.836804289950402236e+00 -1.816106308093076022e-02
9.844346554156810924e+00 -1.974784757003739816e-02
9.875972001156469560e+00 1.346392725895190039e-02
9.886795177105877741e+00 4.541853199298832855e-02
9.869533387207143349e+00 -2.271632692279861726e-02
9.900921661801394436e+00 -2.288999058427669195e-02
9.888129307630366682e+00 -1.678687280585242428e-02
9.910946950928513743e+00 1.065558970959487942e-02
9.924866809170634241e+00 -9.932310545719788553e-03
9.934734389389932474e+00 -5.848971268372346599e-03
9.950662500147277711e+00 -1.546891681520695498e-02
9.940128684599613962e+00 1.281300729296269876e-02
9.963703048551746377e+00 -3.492875177954598426e-03
9.962478652484909603e+00 -1.537507734806397089e-02
9.993826156371312663e+00 -1.593671584729337148e-02
9.996630946290567366e+00 1.837714919828162263e-02
1.000666821507623894e+01 2.643576823326607844e-02
