7.709089096194948407e-03 -3.052699191955983091e-02
7.420827237896422679e-03 7.893523675890284225e-03
1.417802465031888989e-02 -4.073273395035972855e-02
4.563749674807646151e-02 7.525098684977365657e-03
2.543782166786690696e-02 8.298627903420549567e-03
5.658152328747645399e-02 4.617024784363429890e-02
5.786983445851951596e-02 2.801709896464939925e-02
6.082361048086076111e-02 -4.643934370073387469e-03
6.500379806570785735e-02 1.285244323652260517e-02
9.384489930794985557e-02 -1.452047578060370117e-02
9.284804044653913180e-02 9.415901285762457926e-03
9.993643483282464712e-02 1.590324833679235619e-02
1.179401393179829310e-01 -2.634300395226021538e-02
1.408198813714502118e-01 2.780423358019065705e-02
1.367628892546269570e-01 1.739931528628513302e-02
1.423511660673699997e-01 -2.063927053565619771e-02
1.650448064583490138e-01 2.003045505089701139e-02
1.687482956424657676e-01 2.854633665975489856e-02
1.920329486393654583e-01 1.209955716250116393e-02
1.972253455143974377e-01 7.047504870774891003e-03
1.977589847591488537e-01 -2.363615856006607424e-02
1.992277862705794655e-01 -1.637818299573162370e-02
2.264943824546998830e-01 -3.222279948231475746e-03
2.333924210501464314e-01 1.653294078210860302e-02
2.435457237222352911e-01 1.499255361857483593e-02
2.438301716638348049e-01 2.108402375172767698e-02
2.642040399204331202e-01 3.660534440284150814e-02
2.563750753251720638e-01 2.080505102362985997e-02
2.901119999338905298e-01 -5.189604546999480872e-02
2.845452377940336230e-01 -2.339274240426852253e-02
3.079986398132456560e-01 -1.208319627210913821e-02
3.133266587818884230e-01 -8.087414882726261245e-03
3.189083911799908688e-01 2.502983716925781879e-02
3.240863985378691359e-01 1.315275244054319934e-02
3.491239535456732157e-01 -1.243943099935200872e-02
3.563877276041395037e-01 7.828048548137921114e-03
3.593655398099498965e-01 1.771469781345445110e-02
3.786721141759195053e-01 1.033639663050860830e-02
3.689600614986484062e-01 3.990891815272468342e-03
3.828542452829237774e-01 -6.533682870978572976e-05
4.006032033054728325e-01 2.674768918042812541e-02
4.105310577879092704e-01 -9.286595458175717771e-03
4.008711636925961774e-01 -1.933540239765389052e-02
4.396259727223026381e-01 4.011658314022550215e-02
4.436849521682673658e-01 -2.573702040469301282e-03
4.511498814424128034e-01 -1.343140992397436582e-02
4.628040375082746460e-01 -4.744383029843615880e-03
4.680856197949093134e-01 -2.042832094252265349e-03
4.948803384721218723e-01 1.373158992272817056e-02
4.978176602149794738e-01 5.354358560693493405e-03
5.072083317402408253e-01 -3.283125005840485666e-02
5.094039941332324517e-01 2.617942388856438901e-02
5.194124700172951803e-01 1.545794020423844894e-02
5.468646907441705451e-01 1.583806039876635083e-03
5.257511247844041113e-01 -1.209411337694456592e-02
5.476656436894669078e-01 4.475565642176238326e-03
5.493480821461603769e-01 -1.036328131516880274e-02
5.800302292120315117e-01 -9.533232376591604246e-03
5.847182272650819357e-01 1.898054757206727242e-02
5.961908436573382097e-01 2.392051470235717625e-02
6.140016579033299449e-01 -6.924092896588285133e-03
6.144662022146185620e-01 -6.325694767833552577e-03
6.243984250992695717e-01 -1.563170900121779033e-02
6.330971603106978485e-01 -2.686190160174763142e-02
6.450254526998020488e-01 2.793709220233849509e-03
6.397211384747045759e-01 2.571147693389655778e-02
6.528896275904658708e-01 -3.170830038405615670e-02
6.637762457320042220e-01 9.644831874311393660e-03
6.787221182347901172e-01 2.880386621936040226e-02
6.883810405231791663e-01 -2.586975542383456936e-02
6.981541340335014612e-01 2.404167005716950981e-02
7.058397033896356421e-01 -1.647918626195353509e-02
7.082617623500565562e-01 2.656550697450358461e-03
7.445443267112592522e-01 2.826960428573379799e-02
7.268895396761311245e-01 1.002266340640811139e-02
7.670943934863310165e-01 2.326915431430335440e-02
7.482712018076581595e-01 2.713822028585474375e-02
7.838394755700625049e-01 -3.534533539700830326e-03
7.769368315611621112e-01 -5.521900074465392778e-03
7.899629498658133908e-01 3.752543198836255645e-02
8.135382293874523496e-01 -3.168207718054017429e-03
8.180586547947604759e-01 -1.378255066796939092e-02
8.132762668273554318e-01 3.576052121913859960e-02
8.338461977652389390e-01 2.140948362335432648e-03
8.472074785113314910e-01 -4.977642122319059399e-03
8.614473283529292535e-01 -3.277463705348581530e-02
8.605976811624282963e-01 -1.493536059256581755e-02
8.827654962803218597e-01 1.357218989722729953e-02
8.934890014580226802e-01 6.524623231619151170e-04
8.959456272553130152e-01 -4.908141454500931228e-03
8.970866676520726779e-01 3.964589131957432788e-02
9.262253100816475460e-01 -2.355354314219709061e-02
9.076864739568388796e-01 -1.210535434888274781e-02
9.257253730430504701e-01 7.621203645012852856e-02
9.503755784009504382e-01 -1.566020639607725723e-02
9.408755600907104943e-01 3.273515010153923988e-04
9.514453333547684410e-01 -1.380566124623467013e-02
9.716478252316754771e-01 -2.793836173983990298e-02
9.975353217215064960e-01 3.600441431757424315e-05
9.848985151194423748e-01 3.265207621898810753e-02
1.025721710299061007e+00 2.583379613610135156e-03
1.019968150507156945e+00 3.214353162219885096e-02
1.015675845486462725e+00 1.615919845633255816e-02
1.041540990315409365e+00 9.629897998442592602e-03
1.034256322837492803e+00 -1.164002011153703227e-02
1.040327583395688205e+00 5.653179053693117156e-02
1.068261356702353337e+00 2.601585190495294547e-02
1.070383848598310150e+00 1.862602365809809535e-02
1.090845758959009482e+00 1.306496242361750160e-02
1.093796025056417820e+00 6.598133310976561292e-03
1.090535616637671401e+00 -1.318723570026621508e-02
1.120837129286553990e+00 2.162904579866911647e-02
1.122171879532092076e+00 2.660724153143295516e-03
1.127060700751707722e+00 -4.114081567808246936e-04
1.134044497281755381e+00 4.353632135185112745e-04
1.168986230023548956e+00 2.204968065096669927e-02
1.153930918913821380e+00 1.991609028711700813e-02
1.165761525184009439e+00 5.270395743809695027e-02
1.169327541687479544e+00 2.920432621971534581e-02
1.187096624226939179e+00 -5.093695109063697823e-03
1.204889167018288854e+00 -5.695527491505810586e-04
1.210149416652173571e+00 -5.737513522553704809e-03
1.217772338123873199e+00 1.415201873065806762e-03
1.235436078169932950e+00 2.957593636206717197e-02
1.225420806475649549e+00 -5.490524500649525408e-03
1.259722118137856617e+00 5.309765393246846689e-03
1.264537560823717710e+00 2.338673204359553379e-02
1.268474261575369022e+00 1.176806790649230494e-02
1.303239414252329809e+00 -1.556842140727071611e-05
1.281050924204989672e+00 2.501049355166300864e-02
1.323123611143191658e+00 2.657568798182472630e-02
1.327488744961705658e+00 6.287037447118434819e-02
1.318468989382336476e+00 2.484183672423720055e-03
1.327514363866745040e+00 -1.197555126896117546e-02
1.346148573554484029e+00 3.011013356155141721e-02
1.362922532410728360e+00 9.189050686430720247e-03
1.353146347226831470e+00 2.740026421682865282e-03
1.365084656733345003e+00 -6.501136980087741241e-03
1.387831201568349382e+00 3.390185121096703919e-02
1.380636034165205306e+00 6.671574661229438818e-04
1.411596748634456722e+00 2.464722690144716816e-02
1.405859661699816465e+00 -7.244233425493540671e-03
1.425160512916415545e+00 1.312485902575771454e-03
1.428464308852722464e+00 3.649061587576823279e-02
1.435796216917972545e+00 -1.752329993029837912e-02
1.447751276297529532e+00 3.606276161698349081e-02
1.447182015984296299e+00 1.244394285503918826e-02
1.458446317957464933e+00 7.011632158938471172e-03
1.470224810930301773e+00 3.560521588279073890e-02
1.501254027875350117e+00 1.705820473763863462e-02
1.486443996974317949e+00 -8.191848486455530209e-03
1.506229422065343826e+00 -2.015555307815041636e-02
1.526510103575114519e+00 -1.073369304482456842e-02
1.540736371845430108e+00 -4.896728195937071620e-03
1.532491226555360520e+00 1.030944811330637353e-02
1.550328186372824213e+00 2.159197203479181967e-02
1.576312265402394663e+00 2.584355466374655547e-02
1.575490512732706350e+00 -5.449914956305829811e-03
1.584841012576553076e+00 -8.130175893335728210e-03
1.591218962375885893e+00 6.578748163578312935e-02
1.586934208331802099e+00 4.987617237877522980e-05
1.615766449466820909e+00 2.639185415840784171e-02
1.616060936978913620e+00 5.824869629112214287e-02
1.628850921175645006e+00 2.225467505960500650e-02
1.643318956536715447e+00 2.204275900846056069e-02
1.661497916127532060e+00 3.414494264248819910e-02
1.672406170620302168e+00 2.411777607567959503e-02
1.683202683130386346e+00 -1.000172433981821180e-02
1.679880348513555610e+00 2.548396580741516329e-02
1.683977200357308579e+00 1.621919996547827036e-02
1.696720421985986160e+00 -2.541637196999632642e-02
1.721092366332280132e+00 1.007935054906436076e-02
1.720026875428856572e+00 3.012450191188868753e-02
1.721734664947097260e+00 -9.040000087351202085e-03
1.740221182846938719e+00 -3.796645879064827755e-02
1.768655736002381129e+00 3.608673179490960725e-02
1.774958517855171003e+00 5.067359528460644441e-02
1.773183153356821196e+00 4.510345403287265020e-02
1.772708159024225738e+00 3.022724498239282714e-02
1.797837299965887148e+00 4.617461864978095881e-02
1.804605159089962108e+00 2.187611809365439322e-02
1.796887659669396342e+00 -1.550035310248746787e-02
1.818554116813505983e+00 7.718561612711735687e-02
1.842850920004434734e+00 2.614059224919862076e-02
1.861652350436376890e+00 -3.196805336664259450e-03
1.846750038615380118e+00 -8.436717357411457896e-04
1.865628916542469984e+00 1.886125913538070839e-02
1.849922178887442925e+00 -8.583393314323634754e-03
1.877976506909665222e+00 1.093371405005230147e-02
1.871379311481169205e+00 3.347616612025344773e-02
1.896211091308103835e+00 8.995818003733691351e-03
1.908303384181833318e+00 2.893719985560494132e-02
1.939812375661839727e+00 4.748457788157840753e-02
1.945043957377639243e+00 2.903906384361838039e-02
1.929331676948497165e+00 2.165153301466854821e-02
1.936989927924318122e+00 3.507930542468717244e-02
1.960895415070190939e+00 -3.372616397738194965e-03
1.990007236291757131e+00 3.915620177439635419e-02
1.989958705961851759e+00 3.473850969126660027e-02
2.010463478462468423e+00 5.200443354446123573e-02
1.990130458733781360e+00 4.371120536256666717e-03
2.000858451193229026e+00 3.614879200811259297e-02
2.013973264211264880e+00 4.999505028969730702e-02
2.033818687160092509e+00 4.739215087120659392e-03
2.031736996034100073e+00 1.250199796417109620e-02
2.060584460546548424e+00 1.079347519637105512e-02
2.067495222920851639e+00 3.336760656919186135e-02
2.062688014702576567e+00 3.477332063719171945e-03
2.084323375140287204e+00 5.802016118576650699e-02
2.079601792792770798e+00 4.344506465358489306e-02
2.118816744322333800e+00 2.542624634970734251e-02
2.120637387508039762e+00 2.702474219270484604e-02
2.109795269545760910e+00 4.009641190819989570e-02
2.134086428460315599e+00 1.771116777722250499e-02
2.149481822202418346e+00 3.048278002207288617e-02
2.150779722466807709e+00 2.983292653798797281e-02
2.139145479057077637e+00 -1.468031165949974098e-03
2.168165633768654565e+00 -5.076961548663196100e-03
2.184538549105404570e+00 8.145888996972208695e-02
2.213535499760699299e+00 1.864754645962462751e-02
2.210091582914288644e+00 2.993206575206219452e-02
2.212211753707543860e+00 1.403359094609041638e-02
2.219443789497823616e+00 7.063858673151557355e-02
2.222632303102498152e+00 3.203040379782472191e-02
2.254298020149526405e+00 2.886211644576216345e-02
2.276902088306395733e+00 5.138616967322196666e-02
2.266781154306513280e+00 2.450565989810441631e-02
2.273049249511708947e+00 2.225076433045044405e-02
2.288694475505161474e+00 5.227986712782446699e-02
2.309661430297138551e+00 4.319172779250585181e-02
2.298567181998313114e+00 2.195416946468607688e-02
2.311176434788789091e+00 5.715531148598956140e-02
2.314159246575610673e+00 2.571254225371750329e-02
2.313313277448465044e+00 3.986169985422515633e-02
2.351878921533207212e+00 4.952506724542102279e-02
2.345004748650364679e+00 2.169613670440179859e-02
2.355738749367981111e+00 5.955493498416808418e-02
2.368308493571401385e+00 5.852813865897800449e-02
2.368723787045711404e+00 5.344528823101678261e-03
2.388640617427224999e+00 1.534911853505219886e-02
2.408823468736912776e+00 3.873199277562211496e-02
2.408442548887802737e+00 4.217266266234425548e-02
2.432709122762158227e+00 3.855586919858191436e-02
2.411514654518719603e+00 1.713393067502524958e-02
2.449706099132927140e+00 2.236677700349760933e-02
2.450967868649082781e+00 4.317961791227506452e-02
2.446090921771049143e+00 1.676089646171069827e-02
2.482931543699712140e+00 2.895924257463595997e-02
2.477537142812538118e+00 3.430899118291703270e-02
2.493563816162366997e+00 4.464829392176177664e-02
2.504181551119331051e+00 5.838496531918638266e-02
2.535331923771564799e+00 3.815461811537970704e-02
2.529427093128556070e+00 2.115604443971889903e-02
2.534239617446849113e+00 5.243085383564660001e-02
2.527251495369894574e+00 5.448321221363713190e-02
2.540643436926040888e+00 4.590854587530781433e-02
2.551150732891215966e+00 2.658426998477883552e-02
2.569173020815670228e+00 2.919334281239312559e-02
2.575595855764095443e+00 4.308480883074940204e-02
2.599396390440814830e+00 5.234922395335063483e-02
2.614447055397232322e+00 3.305988516199381139e-02
2.604881804003452039e+00 7.503799334122054909e-03
2.594733407898698552e+00 5.775642718589836522e-02
2.629922568243399983e+00 1.636846142894158099e-02
2.643643851366945796e+00 3.529888452537799370e-02
2.647943425550530971e+00 2.891828141400223581e-02
2.676898548778372522e+00 4.883194102746922505e-02
2.673768877663464494e+00 4.651551398406044563e-02
2.687244254202521887e+00 5.806640156096447986e-02
2.678562816948171221e+00 5.698782111216994101e-02
2.706417432093350062e+00 2.854867163285012416e-02
2.737425113679769595e+00 4.464998530225084555e-02
2.723936849658417980e+00 2.753003741258636117e-02
2.747698063122754775e+00 3.040159984788831649e-02
2.738439156496537574e+00 2.507515259194740068e-02
2.789231274763399604e+00 3.877410293928863771e-02
2.760210122668011135e+00 3.293128078369003675e-02
2.765747386236167671e+00 7.724662827481050542e-02
2.773615099493344172e+00 7.166269323295651472e-02
2.786500887712138663e+00 4.924849696070578153e-02
2.802154906237384058e+00 3.335150536316333625e-02
2.815658146963198494e+00 3.799120314046348923e-02
2.826555354034080647e+00 4.779119103282044451e-02
2.837199764591653128e+00 2.990687931608138062e-02
2.847004930857493399e+00 6.391619346896350307e-02
2.854991434561941599e+00 1.159898773738225752e-02
2.853375925007352265e+00 4.911160807580462750e-02
2.872834551388798285e+00 3.636307558481373381e-02
2.861032475645312267e+00 4.477395659579888609e-02
2.909323875938721660e+00 3.639713335649960579e-02
2.883088407565983502e+00 5.415598597723491475e-02
2.896422464172371036e+00 8.032766863248404221e-02
2.905860622472217436e+00 7.634733889519006167e-02
2.935621379855065882e+00 4.245584695823302612e-02
2.956270904843511627e+00 7.279554590879619425e-02
2.948981106308053768e+00 7.165294245314665633e-02
2.959858451839747939e+00 3.292460887896303534e-02
2.977993502453289754e+00 5.451850204375567610e-02
2.973988168801911414e+00 6.977276021461455147e-02
2.992243300970614861e+00 7.154576608115484349e-02
2.986603296172339217e+00 7.318546458967434276e-02
3.017819613243219568e+00 6.135920814024804770e-02
3.023736573421831331e+00 9.512287543808362056e-02
3.019089841661291462e+00 1.040758628806686681e-01
3.031761654259244043e+00 7.367472967140313578e-02
3.061755846753677179e+00 9.658054159172760333e-02
3.077776309663337706e+00 1.125255752876045123e-01
3.068671625020298332e+00 7.623379453147864637e-02
3.091717666208603443e+00 4.890433322224189971e-02
3.083953292126941470e+00 7.895319272712465752e-02
3.106195778743563451e+00 7.782731758978622683e-02
3.126199858206932802e+00 5.521872241891540717e-02
3.123539385118027756e+00 1.050462378191021617e-01
3.124901135488314274e+00 1.034883603996405582e-01
3.151235671114454906e+00 8.545049602977806968e-02
3.172932090219752865e+00 6.236523021744069112e-02
3.168537408794469545e+00 6.196645205296281989e-02
3.191441241295970510e+00 1.119944641770445337e-01
3.203148385950126187e+00 8.488454256888731952e-02
3.197979888183922981e+00 8.229289371156080224e-02
3.212679386449714958e+00 6.304766026798892808e-02
3.197418246825644239e+00 5.890308568410825008e-02
3.228817749781902169e+00 9.617919973395040734e-02
3.240793765076036337e+00 1.074496888555741547e-01
3.245486237162018117e+00 5.769196944772718438e-02
3.260666358934019016e+00 7.890267147846609375e-02
3.271228379917026086e+00 8.521365505738649759e-02
3.277169496072348753e+00 1.030933252042484094e-01
3.286225912003759575e+00 1.286094748626681883e-01
3.297636006929822283e+00 9.129580805154018097e-02
3.304282652656098662e+00 8.955066959083750333e-02
3.323129212049503067e+00 9.356549821753151752e-02
3.331271340471673170e+00 1.370299849824826999e-01
3.357568303184938152e+00 4.094409454760775807e-02
3.343018205123670317e+00 9.885981111758880557e-02
3.350409333277966972e+00 8.786954545780911729e-02
3.358255292373921730e+00 9.103302125334646056e-02
3.389606340001981799e+00 8.979741815845300457e-02
3.397100193955558733e+00 6.931540317000360607e-02
3.395880293097363278e+00 8.940802609952050450e-02
3.405616579883837147e+00 1.180742903873229499e-01
3.428157235316028562e+00 9.232338326529310191e-02
3.401011469803251863e+00 9.655276171230281479e-02
3.424640280758012523e+00 8.713250782598552791e-02
3.455763443440444060e+00 1.269745311279254496e-01
3.465586838196609953e+00 1.009828171056594837e-01
3.458803907415796353e+00 1.106817442399678358e-01
3.476240498734959328e+00 1.242391219794666685e-01
3.478121650644633966e+00 9.093879385990674691e-02
3.493939247840698759e+00 1.255208535982913209e-01
3.514773128270528790e+00 1.146246034910377715e-01
3.512928910620900069e+00 1.162002375614896860e-01
3.529887972031072962e+00 1.080224668040859343e-01
3.522758401138719186e+00 9.669519666365235244e-02
3.533019368473152344e+00 1.354715177785773550e-01
3.559086924856135870e+00 8.748873837096149408e-02
3.547397498547951944e+00 1.201302278576037164e-01
3.585997407889326194e+00 1.487134859324736325e-01
3.586550683923531491e+00 1.321094530436917047e-01
3.576058853224827860e+00 1.300068727150795467e-01
3.601520796769751342e+00 9.854126526062804980e-02
3.598991252910899608e+00 1.247660246708355292e-01
3.606582695893714163e+00 1.337024413781581489e-01
3.633634436318222694e+00 1.402687252559904341e-01
3.632262821741436998e+00 1.203163065574678475e-01
3.655848482240095620e+00 1.301860693003529523e-01
3.660363769601646666e+00 1.350505629779942263e-01
3.666012381613615645e+00 1.225810623211412570e-01
3.690754146322364093e+00 1.740564045446757191e-01
3.699028714049964695e+00 1.631647334019995510e-01
3.700846672787179159e+00 1.338105838474789588e-01
3.716042992765836939e+00 1.442745944502795419e-01
3.729802622446064309e+00 1.443070942225325171e-01
3.747894386798251709e+00 1.354282586460087423e-01
3.739441351640537814e+00 1.455392054677614178e-01
3.761942788657506753e+00 1.355589349896045848e-01
3.759528159599125008e+00 1.375308994105388927e-01
3.763401630970881317e+00 1.480544281699190390e-01
3.778189017377236780e+00 1.328609414239622644e-01
3.786100500883682329e+00 1.575289024332220122e-01
3.820525494872147654e+00 1.409050532506454234e-01
3.826294376507160422e+00 1.498817170219571560e-01
3.817577702498907044e+00 1.202021526051300915e-01
3.823383618462334432e+00 1.772024547267252725e-01
3.833471326032285909e+00 1.790664826760054451e-01
3.854108037371008599e+00 1.665898283804858049e-01
3.868584449761706789e+00 1.731894610394259237e-01
3.884132857232967417e+00 1.482508551707927280e-01
3.876434867994858369e+00 1.833420423903458496e-01
3.903578642246139818e+00 2.008427122743923487e-01
3.904331492221533306e+00 1.919559092438763992e-01
3.915884143309710019e+00 1.462355270393687345e-01
3.928926141224218682e+00 1.951970818266008378e-01
3.933568925175692232e+00 2.351513226652375277e-01
3.943035170987268412e+00 1.616221369072631253e-01
3.953498034431866426e+00 1.834570625226185914e-01
3.966643845674589830e+00 1.806958793308550415e-01
3.980460969697867668e+00 1.805768254605924772e-01
3.977571186866048603e+00 1.545784271976951008e-01
3.991382118152558167e+00 1.704915266948131558e-01
4.009725851629948323e+00 1.614067715084156474e-01
4.021830736830950492e+00 1.844983055737135502e-01
4.026107400047938434e+00 1.582875957904986974e-01
4.032211996299063017e+00 1.821352495558359597e-01
4.038164629772655445e+00 2.270580306623753708e-01
4.047177294641289613e+00 1.485381257224531737e-01
4.063931012134333720e+00 2.049244543517312056e-01
4.051380441210672423e+00 2.058452030244475039e-01
4.080917088554061323e+00 1.770585206175002424e-01
4.109022038994179837e+00 1.755596748107037530e-01
4.111051607203638270e+00 1.841233480318028581e-01
4.130725063179362166e+00 2.020692694849045568e-01
4.135009712228799650e+00 2.090697404086357125e-01
4.115999608403270393e+00 1.863695448187558945e-01
4.167254392316370293e+00 1.987264285423698262e-01
4.152542662588570188e+00 2.078089190084886906e-01
4.178990407539198593e+00 1.865647210619508223e-01
4.170774032557530653e+00 2.192585783640235708e-01
4.152166474971110688e+00 2.567580245951334716e-01
4.184275178541941642e+00 2.008823360819171899e-01
4.193546549603812679e+00 2.463573732546867345e-01
4.216526680313685382e+00 2.629143020929697316e-01
4.219347018189706588e+00 2.658587769751576402e-01
4.220735597556995344e+00 2.597669598120109780e-01
4.236327577941082723e+00 2.369238425488658650e-01
4.268080255681839574e+00 2.556341818089311602e-01
4.254452717315756693e+00 2.124552099562345142e-01
4.282706133351312339e+00 2.236930624541907386e-01
4.290877076855921679e+00 2.618974634587414863e-01
4.284092447452960251e+00 2.865067912485759205e-01
4.300286700867689049e+00 2.413399943027097483e-01
4.300891404450319477e+00 2.414554463891498970e-01
4.327742660512579498e+00 2.570541770282024352e-01
4.313587811294858021e+00 2.382513982214883586e-01
4.328895110294859627e+00 2.554043410311996887e-01
4.350620606579588490e+00 2.786989446469794740e-01
4.381620117098913525e+00 2.435809665163866378e-01
4.368044117911758839e+00 2.672824200504091419e-01
4.390461933243132719e+00 2.747562639981948052e-01
4.394888993398774701e+00 2.692787003512344124e-01
4.399590583456539861e+00 2.511258395951400657e-01
4.415748759188071304e+00 2.958370427358210097e-01
4.420055103543889530e+00 2.792428566190084394e-01
4.431479601551434833e+00 2.737742350237362676e-01
4.447304004325502547e+00 3.204213118027488538e-01
4.445497010560520934e+00 2.853410344096365403e-01
4.458050910902572106e+00 2.988720591040642249e-01
4.469602329982078182e+00 3.051416530946661210e-01
4.470321586147562698e+00 2.998245321029828769e-01
4.491044332264312544e+00 3.239602227750775221e-01
4.503531257770764462e+00 3.185845121581219463e-01
4.502881092977492727e+00 3.438315303944451395e-01
4.532544318884890622e+00 2.928582124298176326e-01
4.542707998682730341e+00 3.335077402399141411e-01
4.539994631436393036e+00 3.116016353115360071e-01
4.553844489899428361e+00 3.176525387284893087e-01
4.564642885874693690e+00 2.939804724538244152e-01
4.583341696410788479e+00 3.324823125324135598e-01
4.570503298997529384e+00 3.452919344061743390e-01
4.601331004949827275e+00 3.026701667400547024e-01
4.598054462881694171e+00 3.416928472611352463e-01
4.610326463055867130e+00 3.479867045124080960e-01
4.619618266301301013e+00 3.625128341082567984e-01
4.644055948562221481e+00 3.570214381808708981e-01
4.647715887639842336e+00 3.174230942232250108e-01
4.651176589100782799e+00 3.647918489339159187e-01
4.673941646228914060e+00 3.517445070208857216e-01
4.689277539895199354e+00 3.392735958771688209e-01
4.661657176976188310e+00 3.561493207112997883e-01
4.704561938135157106e+00 3.558819687020892686e-01
4.702248335748201669e+00 3.746019841991679589e-01
4.720721275602231870e+00 3.635367889383063766e-01
4.714779678887772718e+00 3.736158783529566207e-01
4.734721732785789783e+00 3.960873543570582189e-01
4.746959642373867361e+00 3.894771669888880128e-01
4.764005462602839636e+00 3.717788189244028429e-01
4.771706940802332930e+00 4.081575164600148575e-01
4.780652098096195957e+00 3.878125841927722584e-01
4.788585536626493777e+00 4.400588209520971406e-01
4.809692594995564008e+00 4.021721455760928210e-01
4.811282989098925711e+00 4.091819941722730225e-01
4.834791259799391838e+00 4.300575769213677013e-01
4.819295017478325782e+00 4.282486521560513459e-01
4.846393389401177032e+00 4.361805125999713151e-01
4.846722193308210080e+00 4.393127676500734879e-01
4.854467567660630145e+00 4.390429190648739155e-01
4.886449887067431774e+00 4.508554548990986732e-01
4.868644117252730830e+00 4.544014323868041383e-01
4.889242023057243536e+00 4.767991026726000059e-01
4.879928864521152931e+00 4.481972208839356542e-01
4.928108112213232417e+00 4.440124295685519695e-01
4.910527346877326949e+00 4.444932847487041427e-01
4.915810425841439013e+00 4.726513049274993494e-01
4.954785286117711074e+00 4.301648302939499180e-01
4.934595300805711737e+00 4.609326297305104125e-01
4.945509576634096405e+00 4.672064810351782560e-01
4.968779000901154319e+00 4.982187543196646695e-01
4.974550990921747129e+00 4.865285822392156345e-01
4.968802782185202105e+00 5.125457358852529843e-01
4.979995466833040396e+00 4.951717045929899252e-01
4.991391571095604718e+00 4.599345552156750006e-01
5.022471120336027717e+00 4.926429833719060958e-01
5.017640011631567809e+00 4.610095828323789169e-01
5.038385417574181346e+00 4.933660392954880569e-01
5.040381401156840191e+00 4.751418739661669166e-01
5.058788536751294806e+00 4.543344429098589154e-01
5.069586690626308290e+00 4.326819420707982977e-01
5.072396437215155096e+00 4.787334299874621557e-01
5.092225341508742176e+00 4.501205139397888022e-01
5.099392624799914842e+00 4.322179102786242177e-01
5.099514054114000494e+00 4.436675745762410639e-01
5.095301198336131598e+00 4.515456234748195796e-01
5.133547977584350441e+00 4.195808852597790461e-01
5.134975682628906135e+00 4.457717197451129265e-01
5.138017130888003159e+00 4.186680410969861321e-01
5.142276667612358132e+00 4.269577503885764735e-01
5.174794378075548984e+00 4.135719730854989784e-01
5.173160162102956150e+00 3.874156372954164484e-01
5.189192312680448005e+00 4.440487015336961329e-01
5.187303535537496124e+00 3.867401886642669040e-01
5.198597023594414779e+00 4.113351094258629881e-01
5.204746099181418728e+00 4.058649588418360987e-01
5.208980874487531665e+00 4.313026870305247118e-01
5.238705363204832821e+00 4.293279684708343757e-01
5.237320583182214939e+00 3.702028697409391889e-01
5.270133237478435539e+00 3.610728506799785742e-01
5.260112699136130665e+00 3.900690210335078789e-01
5.278311356995313730e+00 3.705960867985437224e-01
5.288270258829985693e+00 4.279594470216911972e-01
5.316106058894742858e+00 3.905310961292018934e-01
5.290275665282358375e+00 3.568734692956112009e-01
5.328235498461121544e+00 3.792862607708551992e-01
5.320836655092307410e+00 3.698550061854561366e-01
5.349544098447831963e+00 3.622805368416178173e-01
5.328243667699225306e+00 3.207218358880916664e-01
5.384002176125800787e+00 3.518502227259411308e-01
5.365988007550329009e+00 3.587202960095842164e-01
5.370673056497420106e+00 3.264477691574093621e-01
5.381879552646748444e+00 3.782996512203125605e-01
5.409852189393638433e+00 3.009092060384780387e-01
5.415689251489526512e+00 3.502907678429091343e-01
5.418004406411451868e+00 3.063610181118817111e-01
5.436648895693218186e+00 3.561499259351801894e-01
5.440969723398887403e+00 2.739733861377081081e-01
5.444162204327561483e+00 3.418830784547887691e-01
5.449366816122244828e+00 2.788889201050082645e-01
5.462000512276708797e+00 2.971324005901286314e-01
5.475316717901439034e+00 3.169330331688591795e-01
5.491201824088856931e+00 3.158936287118682684e-01
5.482419421568221374e+00 3.048367361305021062e-01
5.497865564827987939e+00 3.445796503744636974e-01
5.532775598673089767e+00 3.378631155098075212e-01
5.525816502135153740e+00 3.045801480299502595e-01
5.543128248537809277e+00 2.667629545888973164e-01
5.543358231741861708e+00 2.838783634778875853e-01
5.571382245364183028e+00 3.110193562114214050e-01
5.560965553597190691e+00 2.753103045908182334e-01
5.557571099562683692e+00 2.660803185301775509e-01
5.584610016837462609e+00 2.589528779200023223e-01
5.598949616378219751e+00 3.110836751096852093e-01
5.605467907319583887e+00 2.474640598559892934e-01
5.606185579640854399e+00 2.300758913748815193e-01
5.605600356164964992e+00 2.394158738477012438e-01
5.636749519954448395e+00 2.621348143370693107e-01
5.645104038406322466e+00 2.797418680314651684e-01
5.657148488614645032e+00 2.407068610079972915e-01
5.654438486964232347e+00 2.691898605974362146e-01
5.695192908562774825e+00 2.596869824896863577e-01
5.678907497547059258e+00 2.675663273104508799e-01
5.696068438218311769e+00 2.768132461049889748e-01
5.711068989834526377e+00 2.285389907284131050e-01
5.718682508013126053e+00 2.482835106830741656e-01
5.740360630548360099e+00 2.467945115284303770e-01
5.742748132976716491e+00 2.415957916388799809e-01
5.751014690303343002e+00 2.301124901110839227e-01
5.761616838154646203e+00 2.266986542880133626e-01
5.753804606456465187e+00 2.239177136338851293e-01
5.767708295734347956e+00 2.737094135818555762e-01
5.793115796438963905e+00 2.356268451927446828e-01
5.805361472387364330e+00 2.325047784552374541e-01
5.816768797640503585e+00 2.186978621062423966e-01
5.811905644412764360e+00 2.339262552470112166e-01
5.824925457506173743e+00 2.401935980704172635e-01
5.828965736288029831e+00 2.491672344900409397e-01
5.858640178478807137e+00 2.221360583677347011e-01
5.856536933033674508e+00 2.185162506462501597e-01
5.871696237940215113e+00 1.967973943321450481e-01
5.871655438758249801e+00 2.181857231209371195e-01
5.878895621968208474e+00 2.123839817730608093e-01
5.887224035985912707e+00 2.108276086374695490e-01
5.882528640830394728e+00 2.087606122044224355e-01
5.915222817319099491e+00 2.193577962481701171e-01
5.941997323322803837e+00 1.787594885017146640e-01
5.939426320604041187e+00 1.581775227237053050e-01
5.945126340875669158e+00 2.144465919461020498e-01
5.951339616133072496e+00 1.836304375638279363e-01
5.978835482981037508e+00 2.005069976431756718e-01
5.993075856058234230e+00 2.254662994614347049e-01
5.970452324926911913e+00 1.932828355688342992e-01
5.971040138443391321e+00 1.809950699047633560e-01
6.011345813810939909e+00 1.934938099792357091e-01
6.021225910656358593e+00 1.776206489864149973e-01
6.024485167112652029e+00 1.782230558280026855e-01
6.048116536005323951e+00 1.936628472012101310e-01
6.046482645518073795e+00 1.946337743009650956e-01
6.060466427151740554e+00 2.168945858109401492e-01
6.062831098512831751e+00 1.731207225170666719e-01
6.077587697153689739e+00 1.443467716154598623e-01
6.071854053520491235e+00 1.651630213701976158e-01
6.099315886222283822e+00 1.690063838925729423e-01
6.107283727335875767e+00 1.566445903275104634e-01
6.122878329646868067e+00 1.967638543914657090e-01
6.130400232005126071e+00 1.384471436087528762e-01
6.141445440096438446e+00 1.863337386243358318e-01
6.145766294651852313e+00 1.763135509950903845e-01
6.171540023422438459e+00 1.442501443532516747e-01
6.172589693291108404e+00 1.593756475895256874e-01
6.184035817343562336e+00 1.719649394652680574e-01
6.188243532587894613e+00 1.530573464630470282e-01
6.193387668710646388e+00 1.391215698355256492e-01
6.220097862427576452e+00 1.484964199544397956e-01
6.209715598688847038e+00 1.598304912559046220e-01
6.226542735124972694e+00 1.367658430466623942e-01
6.235523405797634311e+00 1.562083746661844519e-01
6.241215182727739119e+00 1.401069130780255856e-01
6.273025082199713331e+00 1.096255896931917218e-01
6.260728911289401566e+00 1.537254974202092450e-01
6.267836143459211584e+00 1.362575338368086086e-01
6.285345112778295551e+00 1.618827018862343536e-01
6.302160838320313374e+00 1.365129881113268384e-01
6.319485425245833454e+00 1.697445980271524435e-01
6.321740574721164130e+00 1.086640360154983304e-01
6.338810865567595876e+00 1.722779354324710244e-01
6.327148021982130111e+00 1.369723837925233279e-01
6.326148247516425016e+00 1.141795657361154570e-01
6.376569985052689127e+00 1.287957675901192645e-01
6.366108680034625600e+00 1.274936355386333819e-01
6.374351291067990921e+00 1.325989312160956168e-01
6.386307295821785246e+00 1.071788024701323672e-01
6.388575583698848703e+00 1.340015792111888260e-01
6.390806929664612390e+00 8.905408699185821120e-02
6.413164042654471153e+00 1.089178059243418040e-01
6.455478106749306555e+00 1.463381273747781375e-01
6.435516785384344907e+00 1.118730725860744568e-01
6.445192454731032861e+00 1.255045548964652535e-01
6.453462358939010990e+00 7.778397340441153829e-02
6.464653345302889598e+00 1.076584237517608372e-01
6.480095007001570373e+00 1.134495018237146047e-01
6.489900640628904149e+00 1.608447485240845354e-01
6.520451149325880991e+00 8.987601134706044159e-02
6.486014196176330238e+00 1.104323916235456227e-01
6.511713773356589741e+00 1.089552796778302107e-01
6.517678303340722401e+00 9.034731447534462279e-02
6.552209586283481713e+00 1.091555710306799654e-01
6.541721991766296540e+00 9.310995344321100486e-02
6.565831436383936293e+00 1.081307830892768579e-01
6.577304510228541901e+00 1.217889744754955955e-01
6.581765487209303878e+00 1.078796771265574106e-01
6.579100060406955386e+00 8.114902666623827199e-02
6.597748272715912243e+00 9.272719077282691458e-02
6.607761884298418487e+00 9.479735869533756354e-02
6.619403096358873917e+00 9.460278284843216812e-02
6.632327314139706331e+00 1.271982556749139126e-01
6.629189798201940320e+00 9.526245506152523912e-02
6.625024138926601580e+00 1.018793642287538909e-01
6.664616135337802838e+00 9.636300463104928438e-02
6.677720343443591666e+00 8.872918226482789938e-02
6.672102665030227975e+00 8.208232306678647783e-02
6.682925423953388844e+00 8.507619738112408292e-02
6.710306030261862453e+00 8.883357859298256221e-02
6.728802509972089396e+00 6.732342330616548909e-02
6.720896088917291067e+00 6.970679773252375089e-02
6.699855086091662137e+00 1.240504407335560055e-01
6.736073936346825164e+00 9.519071038225382364e-02
6.749258626181831922e+00 9.413455963491949852e-02
6.770693541957030881e+00 7.089028183208048728e-02
6.770565889696579021e+00 7.166546533952998510e-02
6.784325665871350886e+00 7.087457702521282599e-02
6.774378618353324555e+00 1.224540577074047787e-01
6.807350880699471141e+00 8.194233312003257330e-02
6.803177069838900692e+00 7.494462863427532595e-02
6.812769798269674659e+00 8.425664431177538882e-02
6.820942266522902031e+00 8.370805059703759210e-02
6.836022835616969218e+00 1.169493047206972280e-01
6.865149080065404696e+00 5.979658935209528070e-02
6.852829551568390798e+00 8.534066636035167464e-02
6.868927308403272036e+00 6.715874579909314468e-02
6.875392553208152790e+00 7.023928486428271389e-02
6.900519869364410752e+00 5.956424436853494098e-02
6.894299044180292491e+00 1.107262865020204323e-01
6.901549444504046171e+00 6.607614870930202111e-02
6.933927779516484868e+00 5.545462641701394413e-02
6.929271922797298977e+00 5.434974269254150975e-02
6.947318915228334113e+00 8.227448519108027103e-02
6.948118666915554797e+00 5.501900821820415732e-02
6.956288136974205116e+00 8.761117794920077195e-02
6.958985228984198912e+00 8.947352532228250444e-02
6.986942421115820423e+00 1.233274529978516110e-01
6.994556638750236921e+00 5.519067927208470836e-02
6.996156617937678845e+00 1.093350704701641501e-01
6.994059895424733497e+00 7.770756926248477414e-02
7.022761822925112085e+00 -8.235782106471314923e-03
7.018402624830293313e+00 6.532900799681916337e-02
7.048247211943266421e+00 2.495047280398762779e-02
7.038002426980549231e+00 7.519312328256001765e-02
7.049934606612072940e+00 1.185686794420455076e-01
7.069931706490722334e+00 7.041444027980896248e-02
7.071467637408263229e+00 6.202213569025531725e-02
7.082190861297876339e+00 8.630429703697103938e-02
7.083426506156500047e+00 8.282131608975365489e-02
7.098602190045790294e+00 6.396520735402490276e-02
7.133182778101114785e+00 3.989267099177205844e-02
7.116624713585906647e+00 5.104173778408821471e-02
7.144320262193765814e+00 8.057420103010680401e-02
7.155929758018494624e+00 5.657409012056049957e-02
7.153966205093038155e+00 5.097804229430918238e-02
7.171518337921478192e+00 5.788294305905923587e-02
7.175146597303301732e+00 6.723405599327339499e-02
7.206773456899616903e+00 2.403689953831438658e-02
7.189066335930424323e+00 4.286975143953655754e-02
7.210917660013040908e+00 6.017662845957892637e-02
7.211623651620465481e+00 5.069248275058763076e-02
7.232757149025196952e+00 5.221552668706014311e-02
7.237278600660821404e+00 7.651426782787520975e-02
7.254054390291561738e+00 5.252775584984638313e-02
7.267347143097374840e+00 7.012160379898546569e-02
7.278037807527941716e+00 5.347384607199022477e-02
7.276930108277339215e+00 8.476717321923325776e-02
7.293726467305464034e+00 6.387032275525453273e-02
7.304148238618337174e+00 4.698015409310024593e-02
7.306956673472694952e+00 5.644146580125159601e-02
7.320546518758639820e+00 4.028027654197447599e-02
7.330857588701799266e+00 5.316041160033845719e-02
7.311863743231240775e+00 6.385331635298197028e-02
7.369109323185838889e+00 5.943269905449438673e-02
7.334848209593951118e+00 6.223119996598504983e-02
7.386644294113680509e+00 3.000152870721246867e-02
7.360164385451101410e+00 4.593097290781102127e-02
7.388311089087959971e+00 2.924064274501558119e-02
7.399112327315365611e+00 4.160055685295526579e-02
7.406485548023893806e+00 5.539132703777484290e-02
7.411830058371155161e+00 6.047821541349489294e-02
7.419873398505489881e+00 5.104467035264725894e-02
7.443354157405690508e+00 5.011026371561026066e-02
7.451701504081468030e+00 7.388769526092785200e-02
7.453040423351742660e+00 5.874842635889297726e-02
7.439767445921066091e+00 6.446903184721296254e-02
7.461627970376269126e+00 5.139654365568399608e-02
7.485671909317976436e+00 4.621589422910900996e-02
7.494286779294010437e+00 4.759648656405626038e-02
7.506952889664628259e+00 4.478378740031317695e-02
7.513205118874483723e+00 2.672111151615617214e-02
7.535477523553618440e+00 7.229050713207266221e-02
7.547699520496916392e+00 6.238081669878026148e-02
7.547141564891768795e+00 3.665541518280471950e-02
7.551073232341268593e+00 4.581157408383769447e-02
7.571654003667799060e+00 -6.514681060148103109e-04
7.580124582938070787e+00 2.199029474310066484e-02
7.596142679629676486e+00 -2.950455176761316439e-02
7.591647486466425399e+00 4.209204165986887847e-02
7.597355795824980440e+00 4.213399878653462105e-02
7.622186737441359661e+00 1.498264451892785884e-02
7.631955042226043595e+00 3.377767191320477091e-02
7.639834234663853252e+00 1.476619743867334592e-02
7.659081760449533149e+00 6.052091057400710294e-02
7.651294866390620619e+00 5.277915932416941958e-02
7.670151514881621502e+00 5.132541904942164446e-02
7.675855499980557717e+00 3.189061635143435741e-02
7.674422531248569435e+00 4.996827674253853657e-02
7.696747734077041159e+00 6.597223708381748375e-02
7.716828815811845210e+00 4.173085933639478912e-02
7.709331285677778922e+00 3.864660584713484892e-02
7.721884324559063373e+00 5.186374956733665054e-03
7.730872120069063769e+00 2.099330994559792801e-02
7.761081330114359744e+00 1.343819286335851820e-02
7.759738556429474521e+00 5.058978597298489921e-02
7.769355894719397249e+00 5.175689565844480977e-02
7.776423827842546821e+00 2.788544940188419224e-02
7.790111776238696883e+00 -1.736038389632248505e-02
7.788374335481704769e+00 3.702428526319036933e-02
7.805388231851905445e+00 6.436907349381650045e-02
7.828784193376967515e+00 3.234381701008422205e-02
7.826055783023338819e+00 5.683208818389950956e-02
7.840837516072773461e+00 6.170973461049136105e-03
7.858382072916971772e+00 1.071729265066243691e-03
7.871639735285520523e+00 2.101495752094629035e-02
7.855718685413411784e+00 3.585266224486315795e-02
7.870074430181396963e+00 7.814013569458673480e-02
7.867939575790662943e+00 5.173196390845428982e-02
7.910217233947617999e+00 2.353984841444647924e-02
7.903185007762435710e+00 2.865492403294853108e-02
7.933058429082459284e+00 2.834248431354098596e-02
7.941124044501965074e+00 1.344153978460548189e-02
7.938589061308641170e+00 1.828930053596870831e-02
7.965841264134688515e+00 2.512738549616192960e-02
7.965883943453246019e+00 2.374546180065631451e-02
7.970853876321294607e+00 3.391625497474438922e-02
7.986260659547160579e+00 1.727795802540679077e-02
7.998624598328118118e+00 1.685832252283635604e-02
7.993190425066137195e+00 4.864191894376307390e-02
7.995795389405733644e+00 2.880192579659287058e-02
8.029505271432055835e+00 4.573770543088524071e-02
8.022289816467088386e+00 6.467683699022772070e-03
8.045000631562682969e+00 1.282913256908712642e-02
8.038715043845236607e+00 8.288821047287794896e-02
8.060121639704865615e+00 2.898112633508560451e-02
8.054380490485799626e+00 1.043464212408431666e-02
8.083914753258348185e+00 2.266794060301197122e-02
8.083619438392304346e+00 6.450980497593059027e-02
8.085281195369013574e+00 2.607568271831200990e-02
8.105077885322103270e+00 1.472463083547743273e-02
8.125511851834977151e+00 4.483722465349712638e-03
8.112160304813908596e+00 1.455513725847615639e-02
8.143210449706685949e+00 1.546535656389949782e-02
8.165121711957514350e+00 2.487698838694793121e-02
8.163567200145616098e+00 3.063216512877234288e-03
8.174096327225939262e+00 -3.324805440069730778e-03
8.173984669141262316e+00 1.411721536422327894e-03
8.188654222178250564e+00 6.035606859744436017e-03
8.215364566899234333e+00 6.196906558537362830e-02
8.208606806955728530e+00 4.555572647242826789e-02
8.222529784147267762e+00 1.163320782827931103e-02
8.233006346324643232e+00 3.046932706449714465e-02
8.234219202157298412e+00 9.953992106915863364e-03
8.246016955105449853e+00 1.965621934467293164e-02
8.258263334635975284e+00 4.138426944656350970e-02
8.265252835096177364e+00 1.302293580840251791e-02
8.288144385348656940e+00 1.981620785852659244e-02
8.267016988454541249e+00 1.359041181959741267e-02
8.296738974008976086e+00 4.837394065292664053e-02
8.319687182149751337e+00 1.504824774261994888e-02
8.336584058856232105e+00 3.061388819175360834e-02
8.328423000194971948e+00 2.200768005333049449e-02
8.338283481040461353e+00 4.141675150420063428e-02
8.359207325898548646e+00 4.403403460374997330e-02
8.348349679395470346e+00 -1.457584839933530330e-02
8.369073136385910772e+00 7.537358131961312616e-03
8.375194327559222884e+00 2.707478973785226034e-02
8.374717686577151099e+00 -1.933994141438275666e-03
8.403132231662711504e+00 2.311969811854389795e-02
8.382187563890145299e+00 1.562761911084634484e-02
8.438874521222171410e+00 3.781355092740512625e-02
8.409311975753745116e+00 2.176191752813257801e-02
8.460559345968135858e+00 -4.816142755156906097e-02
8.458839156761269962e+00 3.895540983280322556e-02
8.449653607721733906e+00 5.508279711811933654e-03
8.464107627677641688e+00 -4.027972115386638935e-03
8.499363650059203579e+00 5.041120033091815028e-02
8.493542941499455878e+00 1.330370305858520272e-02
8.475603390414864435e+00 5.557670657563008876e-02
8.514420859701239408e+00 1.844197096004221784e-02
8.514052026797260808e+00 2.677125852745016604e-02
8.541211072570417784e+00 -6.174760849039470298e-03
8.526629999820611872e+00 3.383055399182071515e-02
8.543304887086414112e+00 -1.162251781600123421e-02
8.550696343741305938e+00 3.062334321891666683e-02
8.565734772035309419e+00 2.943887278812679781e-02
8.583027738788457484e+00 9.602411111149150580e-03
8.589422680137278832e+00 4.956587505589014203e-02
8.604049085053077306e+00 -2.625598505990381359e-04
8.613727095057551963e+00 1.899332249006987355e-02
8.616246393347411825e+00 1.118651898453019121e-02
8.638239610630662924e+00 1.387548943769053786e-02
8.644012150530802074e+00 5.317722395062073754e-03
8.627271128459247151e+00 -1.031660971598780466e-02
8.654383756497656677e+00 4.580549002039359385e-02
8.672082356912742540e+00 1.638670665964864562e-02
8.691923994428769618e+00 2.002554035666248566e-02
8.691187508892543434e+00 -8.192342119924832244e-03
8.694604095274947042e+00 2.297693780593734747e-02
8.698721832600874393e+00 -1.090862376224389224e-02
8.711400080546370717e+00 9.875784670791171171e-03
8.754843719387437773e+00 -2.753200502847228184e-03
8.728814282016417181e+00 2.657242320074847813e-02
8.731258562621963648e+00 -1.231189903767665288e-02
8.762155303622828129e+00 3.180199893596667715e-02
8.772534673868641164e+00 3.247385078784796597e-02
8.797498659599845894e+00 -6.414168467563187426e-03
8.794983569320924843e+00 -2.945724722297789894e-02
8.806926734704624948e+00 -2.259062553833504280e-03
8.803691595639765666e+00 8.285046860834727189e-03
8.828720280837430323e+00 -4.713655734817318727e-03
8.843225834281559727e+00 1.804913967106077516e-02
8.836429242810522666e+00 -2.514865991968617820e-02
8.841403476054642496e+00 3.904160657945737745e-02
8.850888080069886144e+00 -1.156540924629695551e-02
8.872972011384019808e+00 1.439012156726195667e-02
8.894329538969317994e+00 -1.551234638344937793e-02
8.894424286300930405e+00 2.764096261207575622e-02
8.913730750459462726e+00 -1.112490396022959745e-02
8.901911133516691166e+00 -7.187962987218915120e-03
8.913749360571802782e+00 3.328270104275403776e-03
8.925135204349869511e+00 -7.467599070929630337e-03
8.946339311117615267e+00 2.963444780394097408e-02
8.945815923824358862e+00 -3.137291189372916345e-02
8.941078605225300180e+00 1.257892053681062411e-02
8.955162578423822239e+00 2.925192370698645808e-02
8.986178004133069663e+00 -1.724083663267298241e-03
8.989322309002137246e+00 -9.983001995603930923e-04
9.003000815484657693e+00 -7.483871188953205092e-03
9.010897012926497140e+00 4.683226945318202591e-03
9.031565788383712601e+00 1.985563595730747283e-02
9.035185757029498888e+00 -1.347892078566842108e-02
9.028454985876603445e+00 5.178275829799765771e-03
9.041167988113143039e+00 3.824174622703106763e-02
9.056641692400974719e+00 2.479108588572716959e-02
9.072319470312688594e+00 1.107585950665584788e-02
9.075547917007602550e+00 3.407924930979815137e-02
9.094394305531583456e+00 1.681819882551410100e-02
9.099570471551539086e+00 -1.729227531081105676e-02
9.098428622621412387e+00 3.630190052911654031e-02
9.103472204031374915e+00 1.883145168012415743e-03
9.132092549171405338e+00 8.261854501433484044e-03
9.144793356492940006e+00 1.907037228380451671e-02
9.153194220908615009e+00 -1.630702050509406920e-02
9.142734596013641024e+00 3.253396963009443088e-02
9.179069803336215472e+00 1.590422379315552595e-02
9.178638238271869199e+00 1.015503565455624056e-02
9.198313792595429916e+00 2.865113093099144574e-03
9.212942354404320966e+00 -1.071349013970818165e-02
9.189619501705202254e+00 1.017036782006066134e-02
9.206058211881892106e+00 2.390555881455352916e-02
9.220016712952283200e+00 -1.617557660274668990e-02
9.240145562206155461e+00 5.181158135815095225e-03
9.254506791225749041e+00 1.217721751729792384e-02
9.245858823085654876e+00 -7.485390772966791888e-03
9.267155458526083578e+00 3.000943592428719636e-03
9.274673029760252874e+00 1.383622225392532046e-02
9.290453584599346115e+00 4.395646775343948348e-03
9.299081872371061763e+00 3.145502939791239294e-02
9.324805029913617815e+00 -2.082533089099054824e-02
9.316631975214839656e+00 8.212094029786046537e-03
9.326079978503724277e+00 -1.305656977551103437e-02
9.344633297207778355e+00 4.038434066395807376e-02
9.329839686526025133e+00 2.101843425374770244e-02
9.356678327582107713e+00 2.906656234817258169e-03
9.365091409571839165e+00 1.868682394388691825e-02
9.368957984025625407e+00 1.701755090046817333e-03
9.399243272495112933e+00 3.087537221633428891e-02
9.396603103207212371e+00 4.981224270408892568e-03
9.413287369840857011e+00 9.030592643279001727e-04
9.415273114631206752e+00 -8.111642637420948126e-03
9.426964093457405269e+00 -9.134071104915465755e-03
9.447568585881143122e+00 -7.184988306193297071e-03
9.454769944688997896e+00 6.184318978019489460e-03
9.448289251298543689e+00 -2.346516945313309281e-03
9.458693100613189131e+00 1.346128551279610758e-03
9.481713627145312628e+00 2.681630029284380601e-02
9.499840131889003558e+00 -1.462193334686697280e-02
9.501158634334093023e+00 -8.002803172361634687e-03
9.520978490364207403e+00 -2.727905179563968122e-02
9.522193071653628493e+00 2.709107438085781722e-04
9.541288473841447626e+00 2.992436779967030253e-02
9.529418806922150154e+00 6.903553530727944004e-03
9.566817504722388676e+00 3.770121691584022577e-02
9.570322185526270786e+00 6.276174134209588570e-03
9.551023504897058203e+00 2.263678731382280651e-02
9.593445886768046549e+00 3.199327689967021091e-03
9.598976838365274489e+00 3.737844769876905865e-02
9.586032730219029574e+00 -7.961162302861857915e-03
9.614894070676893278e+00 1.095137417304678680e-02
9.615949068391374865e+00 2.135409725587989610e-02
9.628499736857104807e+00 2.017910520666572199e-02
9.644840398215738020e+00 -9.175169729080742340e-03
9.643967822712259164e+00 -7.996447141714525808e-03
9.646954428574586515e+00 -4.910173303173568163e-03
9.673137090385251824e+00 -1.513863844048326038e-02
9.686828422961456297e+00 1.182774903549692249e-03
9.704866888568790984e+00 7.512774996616786334e-04
9.694685586759700158e+00 1.761509885672925269e-02
9.712477390468372107e+00 -7.947000757526145182e-03
9.716548682455238506e+00 1.439362263305005857e-02
9.740597840635357940e+00 2.583535625259016782e-02
9.732275126133417942e+00 5.082679757517288149e-02
9.770610244226480390e+00 -3.007336162765736690e-02
9.753838833850535295e+00 -9.056145652254238287e-03
9.761913305019005449e+00 1.659721047400677246e-02
9.766265171918661281e+00 1.613011344265153843e-02
9.807631324027500597e+00 -1.381853241568067533e-02
9.793091050909461970e+00 -1.153357176748883751e-02
9.801053150745092424e+00 -7.917826700582327598e-03
9.815951378233741309e+00 -1.200241729659864455e-02
9.814856315975248435e+00 2.175965188762809047e-02
9.856776395827056447e+00 -2.504647245189191990e-02
9.854715172452136684e+00 6.553824421327420630e-03
9.849985086504233323e+00 1.678434057228889859e-02
9.866614194928809312e+00 1.378357442291801467e-02
9.871346910070524672e+00 2.919038405401361020e-03
9.889238510010667227e+00 -1.061441125671260671e-02
9.900411288742178684e+00 7.582592457157350148e-03
9.914526702591645702e+00 -9.993200318335379584e-03
9.923551301490332932e+00 1.794659506803225266e-02
9.953908525563960552e+00 -7.321684727372507889e-03
9.950459629184706500e+00 -1.324780919293041398e-02
9.957698135652956140e+00 2.347734726884144474e-02
9.952718220909138935e+00 2.778682632934519059e-02
9.962760910903474709e+00 1.648228023403914069e-02
9.998381997438244184e+00 4.937666700255522248e-03
9.982751329180514333e+00 -2.565586876886072690e-02
9.997689040027909257e+00 1.009073444044073301e-02
